   0.0000000000000000        0.0000000000000000       0.62500000000000000       0.87500000000000000     
   4.0000000000000001E-002   0.0000000000000000       0.50000000000000000        1.0000000000000000     
   8.0000000000000002E-002   0.0000000000000000       0.50000000000000000        1.0000000000000000     
  0.12000000000000000        0.0000000000000000       0.50000000000000000        1.0000000000000000     
  0.16000000000000000        0.0000000000000000       0.50000000000000000        1.0000000000000000     
  0.20000000000000001        0.0000000000000000       0.50000000000000000        1.0000000000000000     
  0.23999999999999999        0.0000000000000000       0.50000000000000000        1.0000000000000000     
  0.28000000000000003        0.0000000000000000       0.50000000000000000        1.0000000000000000     
  0.32000000000000001        0.0000000000000000       0.50000000000000000        1.0000000000000000     
  0.35999999999999999        0.0000000000000000       0.50000000000000000        1.0000000000000000     
  0.40000000000000002        0.0000000000000000       0.50000000000000000        1.0000000000000000     
  0.44000000000000000        0.0000000000000000       0.50000000000000000        1.0000000000000000     
  0.47999999999999998        0.0000000000000000       0.50000000000000000        1.0000000000000000     
  0.52000000000000002        0.0000000000000000       0.50000000000000000        1.0000000000000000     
  0.56000000000000005        0.0000000000000000       0.50000000000000000        1.0000000000000000     
  0.59999999999999998        0.0000000000000000       0.50000000000000000        1.0000000000000000     
  0.64000000000000001        0.0000000000000000       0.50000000000000000        1.0000000000000000     
  0.68000000000000005        0.0000000000000000       0.50000000000000000        1.0000000000000000     
  0.71999999999999997        0.0000000000000000       0.50000000000000000        1.0000000000000000     
  0.76000000000000001        0.0000000000000000       0.50000000000000000        1.0000000000000000     
  0.80000000000000004        0.0000000000000000       0.50000000000000000        1.0000000000000000     
  0.83999999999999997        0.0000000000000000       0.50000000000000000        1.0000000000000000     
  0.88000000000000000        0.0000000000000000       0.50000000000000000        1.0000000000000000     
  0.92000000000000004        0.0000000000000000       0.50000000000000000        1.0000000000000000     
  0.95999999999999996        0.0000000000000000       0.50000000000000000        1.0000000000000000     
   1.0000000000000000        0.0000000000000000       0.50000000000000000        1.0000000000000000     
   0.0000000000000000        4.0000000000000001E-002  0.75000000000000000       0.75000000000000000     
   4.0000000000000001E-002   4.0000000000000001E-002  0.57271846892374001       0.87500000000000000     
   8.0000000000000002E-002   4.0000000000000001E-002  0.51991404660621676        1.0000000000000000     
  0.12000000000000000        4.0000000000000001E-002  0.51257675067179365        1.0000000000000000     
  0.16000000000000000        4.0000000000000001E-002  0.49292913495359475        1.0000000000000000     
  0.20000000000000001        4.0000000000000001E-002  0.50017165795752827        1.0000000000000000     
  0.23999999999999999        4.0000000000000001E-002  0.49906735565138133        1.0000000000000000     
  0.28000000000000003        4.0000000000000001E-002  0.49987431937665333        1.0000000000000000     
  0.32000000000000001        4.0000000000000001E-002  0.49993758912425512        1.0000000000000000     
  0.35999999999999999        4.0000000000000001E-002  0.49998853321979331        1.0000000000000000     
  0.40000000000000002        4.0000000000000001E-002  0.49999707590640713        1.0000000000000000     
  0.44000000000000000        4.0000000000000001E-002  0.49999946917997995        1.0000000000000000     
  0.47999999999999998        4.0000000000000001E-002  0.49999989977606557        1.0000000000000000     
  0.52000000000000002        4.0000000000000001E-002  0.49999998367116549        1.0000000000000000     
  0.56000000000000005        4.0000000000000001E-002  0.49999999744295620        1.0000000000000000     
  0.59999999999999998        4.0000000000000001E-002  0.49999999963329439        1.0000000000000000     
  0.64000000000000001        4.0000000000000001E-002  0.49999999995014649        1.0000000000000000     
  0.68000000000000005        4.0000000000000001E-002  0.49999999999352557        1.0000000000000000     
  0.71999999999999997        4.0000000000000001E-002  0.49999999999886052        1.0000000000000000     
  0.76000000000000001        4.0000000000000001E-002  0.50000000000007583        1.0000000000000000     
  0.80000000000000004        4.0000000000000001E-002  0.49999999999879863        1.0000000000000000     
  0.83999999999999997        4.0000000000000001E-002  0.50000000000160472        1.0000000000000000     
  0.88000000000000000        4.0000000000000001E-002  0.49999999999705852        1.0000000000000000     
  0.92000000000000004        4.0000000000000001E-002  0.50000000000284250        1.0000000000000000     
  0.95999999999999996        4.0000000000000001E-002  0.49999999999707440        1.0000000000000000     
   1.0000000000000000        4.0000000000000001E-002  0.50000000000000000        1.0000000000000000     
   0.0000000000000000        8.0000000000000002E-002  0.75000000000000000       0.75000000000000000     
   4.0000000000000001E-002   8.0000000000000002E-002  0.65253165785762490       0.75000000000000000     
   8.0000000000000002E-002   8.0000000000000002E-002  0.53367267839939203       0.87500000000000000     
  0.12000000000000000        8.0000000000000002E-002  0.52409403376073849        1.0000000000000000     
  0.16000000000000000        8.0000000000000002E-002  0.51436380485893884        1.0000000000000000     
  0.20000000000000001        8.0000000000000002E-002  0.49565286377108025        1.0000000000000000     
  0.23999999999999999        8.0000000000000002E-002  0.50111150132199156        1.0000000000000000     
  0.28000000000000003        8.0000000000000002E-002  0.49941717500725635        1.0000000000000000     
  0.32000000000000001        8.0000000000000002E-002  0.49996854031243854        1.0000000000000000     
  0.35999999999999999        8.0000000000000002E-002  0.49996102247682767        1.0000000000000000     
  0.40000000000000002        8.0000000000000002E-002  0.49999348985846126        1.0000000000000000     
  0.44000000000000000        8.0000000000000002E-002  0.49999801774078589        1.0000000000000000     
  0.47999999999999998        8.0000000000000002E-002  0.49999962622644267        1.0000000000000000     
  0.52000000000000002        8.0000000000000002E-002  0.49999992276888766        1.0000000000000000     
  0.56000000000000005        8.0000000000000002E-002  0.49999998651303262        1.0000000000000000     
  0.59999999999999998        8.0000000000000002E-002  0.49999999771210746        1.0000000000000000     
  0.64000000000000001        8.0000000000000002E-002  0.49999999964519504        1.0000000000000000     
  0.68000000000000005        8.0000000000000002E-002  0.49999999994857269        1.0000000000000000     
  0.71999999999999997        8.0000000000000002E-002  0.49999999999496419        1.0000000000000000     
  0.76000000000000001        8.0000000000000002E-002  0.49999999999820793        1.0000000000000000     
  0.80000000000000004        8.0000000000000002E-002  0.50000000000673106        1.0000000000000000     
  0.83999999999999997        8.0000000000000002E-002  0.49999999999092681        1.0000000000000000     
  0.88000000000000000        8.0000000000000002E-002  0.50000000001677736        1.0000000000000000     
  0.92000000000000004        8.0000000000000002E-002  0.49999999998418282        1.0000000000000000     
  0.95999999999999996        8.0000000000000002E-002  0.50000000001601674        1.0000000000000000     
   1.0000000000000000        8.0000000000000002E-002  0.50000000000000000        1.0000000000000000     
   0.0000000000000000       0.12000000000000000       0.75000000000000000       0.75000000000000000     
   4.0000000000000001E-002  0.12000000000000000       0.72293265717453614       0.75000000000000000     
   8.0000000000000002E-002  0.12000000000000000       0.59907724712858079       0.75000000000000000     
  0.12000000000000000       0.12000000000000000       0.51335229674368110       0.87500000000000000     
  0.16000000000000000       0.12000000000000000       0.51895132012623002        1.0000000000000000     
  0.20000000000000001       0.12000000000000000       0.51543047864723890        1.0000000000000000     
  0.23999999999999999       0.12000000000000000       0.49710677275752213        1.0000000000000000     
  0.28000000000000003       0.12000000000000000       0.50192849349536328        1.0000000000000000     
  0.32000000000000001       0.12000000000000000       0.49974599343255222        1.0000000000000000     
  0.35999999999999999       0.12000000000000000       0.50007736633369271        1.0000000000000000     
  0.40000000000000002       0.12000000000000000       0.49999204778093020        1.0000000000000000     
  0.44000000000000000       0.12000000000000000       0.50000133061972785        1.0000000000000000     
  0.47999999999999998       0.12000000000000000       0.49999980462398769        1.0000000000000000     
  0.52000000000000002       0.12000000000000000       0.49999999804785356        1.0000000000000000     
  0.56000000000000005       0.12000000000000000       0.49999999406011136        1.0000000000000000     
  0.59999999999999998       0.12000000000000000       0.49999999919420779        1.0000000000000000     
  0.64000000000000001       0.12000000000000000       0.49999999981048387        1.0000000000000000     
  0.68000000000000005       0.12000000000000000       0.49999999996467737        1.0000000000000000     
  0.71999999999999997       0.12000000000000000       0.49999999998221745        1.0000000000000000     
  0.76000000000000001       0.12000000000000000       0.50000000000322853        1.0000000000000000     
  0.80000000000000004       0.12000000000000000       0.49999999996105848        1.0000000000000000     
  0.83999999999999997       0.12000000000000000       0.50000000004999656        1.0000000000000000     
  0.88000000000000000       0.12000000000000000       0.49999999990577515        1.0000000000000000     
  0.92000000000000004       0.12000000000000000       0.50000000008646128        1.0000000000000000     
  0.95999999999999996       0.12000000000000000       0.49999999991317312        1.0000000000000000     
   1.0000000000000000       0.12000000000000000       0.50000000000000000        1.0000000000000000     
   0.0000000000000000       0.16000000000000000       0.75000000000000000       0.75000000000000000     
   4.0000000000000001E-002  0.16000000000000000       0.75730565925722326       0.75000000000000000     
   8.0000000000000002E-002  0.16000000000000000       0.68478998113840639       0.75000000000000000     
  0.12000000000000000       0.16000000000000000       0.56487533623779085       0.75000000000000000     
  0.16000000000000000       0.16000000000000000       0.49407593217198703       0.87500000000000000     
  0.20000000000000001       0.16000000000000000       0.51133356773551908        1.0000000000000000     
  0.23999999999999999       0.16000000000000000       0.51312586580003539        1.0000000000000000     
  0.28000000000000003       0.16000000000000000       0.49658775927445942        1.0000000000000000     
  0.32000000000000001       0.16000000000000000       0.50185556781345575        1.0000000000000000     
  0.35999999999999999       0.16000000000000000       0.49974902953626560        1.0000000000000000     
  0.40000000000000002       0.16000000000000000       0.50008361379887190        1.0000000000000000     
  0.44000000000000000       0.16000000000000000       0.49999465434809892        1.0000000000000000     
  0.47999999999999998       0.16000000000000000       0.50000211122476723        1.0000000000000000     
  0.52000000000000002       0.16000000000000000       0.49999999913189452        1.0000000000000000     
  0.56000000000000005       0.16000000000000000       0.50000004059510295        1.0000000000000000     
  0.59999999999999998       0.16000000000000000       0.50000000248317322        1.0000000000000000     
  0.64000000000000001       0.16000000000000000       0.50000000076410278        1.0000000000000000     
  0.68000000000000005       0.16000000000000000       0.50000000011695256        1.0000000000000000     
  0.71999999999999997       0.16000000000000000       0.50000000008581191        1.0000000000000000     
  0.76000000000000001       0.16000000000000000       0.49999999998532296        1.0000000000000000     
  0.80000000000000004       0.16000000000000000       0.50000000020923729        1.0000000000000000     
  0.83999999999999997       0.16000000000000000       0.49999999973835180        1.0000000000000000     
  0.88000000000000000       0.16000000000000000       0.50000000050317328        1.0000000000000000     
  0.92000000000000004       0.16000000000000000       0.49999999955020685        1.0000000000000000     
  0.95999999999999996       0.16000000000000000       0.50000000044917381        1.0000000000000000     
   1.0000000000000000       0.16000000000000000       0.50000000000000000        1.0000000000000000     
   0.0000000000000000       0.20000000000000001       0.75000000000000000       0.75000000000000000     
   4.0000000000000001E-002  0.20000000000000001       0.76295077573750836       0.75000000000000000     
   8.0000000000000002E-002  0.20000000000000001       0.73876542864657480       0.75000000000000000     
  0.12000000000000000       0.20000000000000001       0.65237816662175963       0.75000000000000000     
  0.16000000000000000       0.20000000000000001       0.53818338784330300       0.75000000000000000     
  0.20000000000000001       0.20000000000000001       0.47887175169109392       0.87500000000000000     
  0.23999999999999999       0.20000000000000001       0.50452897017543474        1.0000000000000000     
  0.28000000000000003       0.20000000000000001       0.51059060715520777        1.0000000000000000     
  0.32000000000000001       0.20000000000000001       0.49577361093433814        1.0000000000000000     
  0.35999999999999999       0.20000000000000001       0.50162503988559404        1.0000000000000000     
  0.40000000000000002       0.20000000000000001       0.49969052879590325        1.0000000000000000     
  0.44000000000000000       0.20000000000000001       0.50007014445514153        1.0000000000000000     
  0.47999999999999998       0.20000000000000001       0.49999181328814724        1.0000000000000000     
  0.52000000000000002       0.20000000000000001       0.50000155777667787        1.0000000000000000     
  0.56000000000000005       0.20000000000000001       0.49999989872882222        1.0000000000000000     
  0.59999999999999998       0.20000000000000001       0.50000002334544869        1.0000000000000000     
  0.64000000000000001       0.20000000000000001       0.49999999945478502        1.0000000000000000     
  0.68000000000000005       0.20000000000000001       0.50000000005731893        1.0000000000000000     
  0.71999999999999997       0.20000000000000001       0.49999999962530123        1.0000000000000000     
  0.76000000000000001       0.20000000000000001       0.50000000005871170        1.0000000000000000     
  0.80000000000000004       0.20000000000000001       0.49999999893505981        1.0000000000000000     
  0.83999999999999997       0.20000000000000001       0.50000000129328104        1.0000000000000000     
  0.88000000000000000       0.20000000000000001       0.49999999744977491        1.0000000000000000     
  0.92000000000000004       0.20000000000000001       0.50000000222170915        1.0000000000000000     
  0.95999999999999996       0.20000000000000001       0.49999999778465803        1.0000000000000000     
   1.0000000000000000       0.20000000000000001       0.50000000000000000        1.0000000000000000     
   0.0000000000000000       0.23999999999999999       0.75000000000000000       0.75000000000000000     
   4.0000000000000001E-002  0.23999999999999999       0.75838339943728550       0.75000000000000000     
   8.0000000000000002E-002  0.23999999999999999       0.75678765907130863       0.75000000000000000     
  0.12000000000000000       0.23999999999999999       0.71596345713040344       0.75000000000000000     
  0.16000000000000000       0.23999999999999999       0.62805861340794478       0.75000000000000000     
  0.20000000000000001       0.23999999999999999       0.52168867649864192       0.75000000000000000     
  0.23999999999999999       0.23999999999999999       0.47042761586922893       0.87500000000000000     
  0.28000000000000003       0.23999999999999999       0.50101362255447413        1.0000000000000000     
  0.32000000000000001       0.23999999999999999       0.50934940848201060        1.0000000000000000     
  0.35999999999999999       0.23999999999999999       0.49539173893305644        1.0000000000000000     
  0.40000000000000002       0.23999999999999999       0.50152070565573847        1.0000000000000000     
  0.44000000000000000       0.23999999999999999       0.49966485619013667        1.0000000000000000     
  0.47999999999999998       0.23999999999999999       0.50006439370578637        1.0000000000000000     
  0.52000000000000002       0.23999999999999999       0.49999063117460962        1.0000000000000000     
  0.56000000000000005       0.23999999999999999       0.50000133412438685        1.0000000000000000     
  0.59999999999999998       0.23999999999999999       0.49999986052381351        1.0000000000000000     
  0.64000000000000001       0.23999999999999999       0.50000001849172426        1.0000000000000000     
  0.68000000000000005       0.23999999999999999       0.50000000001675715        1.0000000000000000     
  0.71999999999999997       0.23999999999999999       0.50000000208433193        1.0000000000000000     
  0.76000000000000001       0.23999999999999999       0.49999999987619537        1.0000000000000000     
  0.80000000000000004       0.23999999999999999       0.50000000512017928        1.0000000000000000     
  0.83999999999999997       0.23999999999999999       0.49999999399093437        1.0000000000000000     
  0.88000000000000000       0.23999999999999999       0.50000001222064994        1.0000000000000000     
  0.92000000000000004       0.23999999999999999       0.49999998961718056        1.0000000000000000     
  0.95999999999999996       0.23999999999999999       0.50000001038470221        1.0000000000000000     
   1.0000000000000000       0.23999999999999999       0.50000000000000000        1.0000000000000000     
   0.0000000000000000       0.28000000000000003       0.75000000000000000       0.75000000000000000     
   4.0000000000000001E-002  0.28000000000000003       0.75379437331142418       0.75000000000000000     
   8.0000000000000002E-002  0.28000000000000003       0.75744526439535909       0.75000000000000000     
  0.12000000000000000       0.28000000000000003       0.74371458429670700       0.75000000000000000     
  0.16000000000000000       0.28000000000000003       0.69899092842402510       0.75000000000000000     
  0.20000000000000001       0.28000000000000003       0.61517357715593102       0.75000000000000000     
  0.23999999999999999       0.28000000000000003       0.51455017356546062       0.75000000000000000     
  0.28000000000000003       0.28000000000000003       0.46727114691387073       0.87500000000000000     
  0.32000000000000001       0.28000000000000003       0.49984413919383108        1.0000000000000000     
  0.35999999999999999       0.28000000000000003       0.50897503944517097        1.0000000000000000     
  0.40000000000000002       0.28000000000000003       0.49528597862816193        1.0000000000000000     
  0.44000000000000000       0.28000000000000003       0.50149392221871381        1.0000000000000000     
  0.47999999999999998       0.28000000000000003       0.49965869899902143        1.0000000000000000     
  0.52000000000000002       0.28000000000000003       0.50006309244997993        1.0000000000000000     
  0.56000000000000005       0.28000000000000003       0.49999037199413782        1.0000000000000000     
  0.59999999999999998       0.28000000000000003       0.50000128059949778        1.0000000000000000     
  0.64000000000000001       0.28000000000000003       0.49999984443553636        1.0000000000000000     
  0.68000000000000005       0.28000000000000003       0.50000000947450440        1.0000000000000000     
  0.71999999999999997       0.28000000000000003       0.49999998956204278        1.0000000000000000     
  0.76000000000000001       0.28000000000000003       0.49999999990631222        1.0000000000000000     
  0.80000000000000004       0.28000000000000003       0.49999997690503195        1.0000000000000000     
  0.83999999999999997       0.28000000000000003       0.50000002609684369        1.0000000000000000     
  0.88000000000000000       0.28000000000000003       0.49999994487312044        1.0000000000000000     
  0.92000000000000004       0.28000000000000003       0.50000004571479606        1.0000000000000000     
  0.95999999999999996       0.28000000000000003       0.49999995388930041        1.0000000000000000     
   1.0000000000000000       0.28000000000000003       0.50000000000000000        1.0000000000000000     
   0.0000000000000000       0.32000000000000001       0.75000000000000000       0.75000000000000000     
   4.0000000000000001E-002  0.32000000000000001       0.75135522676081334       0.75000000000000000     
   8.0000000000000002E-002  0.32000000000000001       0.75425545516266523       0.75000000000000000     
  0.12000000000000000       0.32000000000000001       0.75104716408676919       0.75000000000000000     
  0.16000000000000000       0.32000000000000001       0.73399086128159896       0.75000000000000000     
  0.20000000000000001       0.32000000000000001       0.69098118043963908       0.75000000000000000     
  0.23999999999999999       0.32000000000000001       0.61048495229000077       0.75000000000000000     
  0.28000000000000003       0.32000000000000001       0.51239013557054081       0.75000000000000000     
  0.32000000000000001       0.32000000000000001       0.46644461187777442       0.87500000000000000     
  0.35999999999999999       0.32000000000000001       0.49957253603745233        1.0000000000000000     
  0.40000000000000002       0.32000000000000001       0.50889664090199649        1.0000000000000000     
  0.44000000000000000       0.32000000000000001       0.49526578271700272        1.0000000000000000     
  0.47999999999999998       0.32000000000000001       0.50148923643436683        1.0000000000000000     
  0.52000000000000002       0.32000000000000001       0.49965772841569744        1.0000000000000000     
  0.56000000000000005       0.32000000000000001       0.50006293153435688        1.0000000000000000     
  0.59999999999999998       0.32000000000000001       0.49999037333260637        1.0000000000000000     
  0.64000000000000001       0.32000000000000001       0.50000131266622994        1.0000000000000000     
  0.68000000000000005       0.32000000000000001       0.49999987945642954        1.0000000000000000     
  0.71999999999999997       0.32000000000000001       0.50000005477499376        1.0000000000000000     
  0.76000000000000001       0.32000000000000001       0.50000000318027937        1.0000000000000000     
  0.80000000000000004       0.32000000000000001       0.50000009725233918        1.0000000000000000     
  0.83999999999999997       0.32000000000000001       0.49999989486917873        1.0000000000000000     
  0.88000000000000000       0.32000000000000001       0.50000023284870099        1.0000000000000000     
  0.92000000000000004       0.32000000000000001       0.49999981134425620        1.0000000000000000     
  0.95999999999999996       0.32000000000000001       0.50000019313255983        1.0000000000000000     
   1.0000000000000000       0.32000000000000001       0.50000000000000000        1.0000000000000000     
   0.0000000000000000       0.35999999999999999       0.75000000000000000       0.75000000000000000     
   4.0000000000000001E-002  0.35999999999999999       0.75039706942146545       0.75000000000000000     
   8.0000000000000002E-002  0.35999999999999999       0.75185938475270664       0.75000000000000000     
  0.12000000000000000       0.35999999999999999       0.75150761789624509       0.75000000000000000     
  0.16000000000000000       0.35999999999999999       0.74628995085362171       0.75000000000000000     
  0.20000000000000001       0.35999999999999999       0.72981837739289157       0.75000000000000000     
  0.23999999999999999       0.35999999999999999       0.68843496729846165       0.75000000000000000     
  0.28000000000000003       0.35999999999999999       0.60927509691135873       0.75000000000000000     
  0.32000000000000001       0.35999999999999999       0.51191573199910334       0.75000000000000000     
  0.35999999999999999       0.35999999999999999       0.46628551098747117       0.87500000000000000     
  0.40000000000000002       0.35999999999999999       0.49952574552501400        1.0000000000000000     
  0.44000000000000000       0.35999999999999999       0.50888429940508073        1.0000000000000000     
  0.47999999999999998       0.35999999999999999       0.49526275525529079        1.0000000000000000     
  0.52000000000000002       0.35999999999999999       0.50148846644269263        1.0000000000000000     
  0.56000000000000005       0.35999999999999999       0.49965745172167697        1.0000000000000000     
  0.59999999999999998       0.35999999999999999       0.50006275202879691        1.0000000000000000     
  0.64000000000000001       0.35999999999999999       0.49999020896198693        1.0000000000000000     
  0.68000000000000005       0.35999999999999999       0.50000115723606486        1.0000000000000000     
  0.71999999999999997       0.35999999999999999       0.49999969199783723        1.0000000000000000     
  0.76000000000000001       0.35999999999999999       0.49999998010880325        1.0000000000000000     
  0.80000000000000004       0.35999999999999999       0.49999962020362249        1.0000000000000000     
  0.83999999999999997       0.35999999999999999       0.50000038888798259        1.0000000000000000     
  0.88000000000000000       0.35999999999999999       0.49999908518441322        1.0000000000000000     
  0.92000000000000004       0.35999999999999999       0.50000072498183334        1.0000000000000000     
  0.95999999999999996       0.35999999999999999       0.49999924086672731        1.0000000000000000     
   1.0000000000000000       0.35999999999999999       0.50000000000000000        1.0000000000000000     
   0.0000000000000000       0.40000000000000002       0.75000000000000000       0.75000000000000000     
   4.0000000000000001E-002  0.40000000000000002       0.75009506329177456       0.75000000000000000     
   8.0000000000000002E-002  0.40000000000000002       0.75068637160914853       0.75000000000000000     
  0.12000000000000000       0.40000000000000002       0.75080453294424498       0.75000000000000000     
  0.16000000000000000       0.40000000000000002       0.74946873250088453       0.75000000000000000     
  0.20000000000000001       0.40000000000000002       0.74440982560138558       0.75000000000000000     
  0.23999999999999999       0.40000000000000002       0.72863265304228919       0.75000000000000000     
  0.28000000000000003       0.40000000000000002       0.68785774573912584       0.75000000000000000     
  0.32000000000000001       0.40000000000000002       0.60904463996446234       0.75000000000000000     
  0.35999999999999999       0.40000000000000002       0.51183763148698880       0.75000000000000000     
  0.40000000000000002       0.40000000000000002       0.46626267168465324       0.87500000000000000     
  0.44000000000000000       0.40000000000000002       0.49952007778089591        1.0000000000000000     
  0.47999999999999998       0.40000000000000002       0.50888336703586634        1.0000000000000000     
  0.52000000000000002       0.40000000000000002       0.49526301022604796        1.0000000000000000     
  0.56000000000000005       0.40000000000000002       0.50148899346434617        1.0000000000000000     
  0.59999999999999998       0.40000000000000002       0.49965805084964021        1.0000000000000000     
  0.64000000000000001       0.40000000000000002       0.50006337514905719        1.0000000000000000     
  0.68000000000000005       0.40000000000000002       0.49999082654888904        1.0000000000000000     
  0.71999999999999997       0.40000000000000002       0.50000187215813652        1.0000000000000000     
  0.76000000000000001       0.40000000000000002       0.50000005462221486        1.0000000000000000     
  0.80000000000000004       0.40000000000000002       0.50000136609575130        1.0000000000000000     
  0.83999999999999997       0.40000000000000002       0.49999869821775778        1.0000000000000000     
  0.88000000000000000       0.40000000000000002       0.50000331417055899        1.0000000000000000     
  0.92000000000000004       0.40000000000000002       0.49999742782153711        1.0000000000000000     
  0.95999999999999996       0.40000000000000002       0.50000278175262536        1.0000000000000000     
   1.0000000000000000       0.40000000000000002       0.50000000000000000        1.0000000000000000     
   0.0000000000000000       0.44000000000000000       0.75000000000000000       0.75000000000000000     
   4.0000000000000001E-002  0.44000000000000000       0.75001732529082277       0.75000000000000000     
   8.0000000000000002E-002  0.44000000000000000       0.75022387562878978       0.75000000000000000     
  0.12000000000000000       0.44000000000000000       0.75031959230572143       0.75000000000000000     
  0.16000000000000000       0.44000000000000000       0.75002514861384229       0.75000000000000000     
  0.20000000000000001       0.44000000000000000       0.74871989849570064       0.75000000000000000     
  0.23999999999999999       0.44000000000000000       0.74392459539568057       0.75000000000000000     
  0.28000000000000003       0.44000000000000000       0.72839143361089109       0.75000000000000000     
  0.32000000000000001       0.44000000000000000       0.68775935082565276       0.75000000000000000     
  0.35999999999999999       0.44000000000000000       0.60900977977830995       0.75000000000000000     
  0.40000000000000002       0.44000000000000000       0.51182575855317924       0.75000000000000000     
  0.44000000000000000       0.44000000000000000       0.46625802024330365       0.87500000000000000     
  0.47999999999999998       0.44000000000000000       0.49951754106354040        1.0000000000000000     
  0.52000000000000002       0.44000000000000000       0.50888123350221581        1.0000000000000000     
  0.56000000000000005       0.44000000000000000       0.49526086750098275        1.0000000000000000     
  0.59999999999999998       0.44000000000000000       0.50148680774056642        1.0000000000000000     
  0.64000000000000001       0.44000000000000000       0.49965580988212854        1.0000000000000000     
  0.68000000000000005       0.44000000000000000       0.50006110398581283        1.0000000000000000     
  0.71999999999999997       0.44000000000000000       0.49998832456111503        1.0000000000000000     
  0.76000000000000001       0.44000000000000000       0.50000029406438351        1.0000000000000000     
  0.80000000000000004       0.44000000000000000       0.49999549697732254        1.0000000000000000     
  0.83999999999999997       0.44000000000000000       0.50000385458538521        1.0000000000000000     
  0.88000000000000000       0.44000000000000000       0.49998906018712935        1.0000000000000000     
  0.92000000000000004       0.44000000000000000       0.50000832478200596        1.0000000000000000     
  0.95999999999999996       0.44000000000000000       0.49999058081291770        1.0000000000000000     
   1.0000000000000000       0.44000000000000000       0.50000000000000000        1.0000000000000000     
   0.0000000000000000       0.47999999999999998       0.75000000000000000       0.75000000000000000     
   4.0000000000000001E-002  0.47999999999999998       0.75000159456755511       0.75000000000000000     
   8.0000000000000002E-002  0.47999999999999998       0.75006614269116667       0.75000000000000000     
  0.12000000000000000       0.47999999999999998       0.75010719104347601       0.75000000000000000     
  0.16000000000000000       0.47999999999999998       0.75005030252937333       0.75000000000000000     
  0.20000000000000001       0.47999999999999998       0.74975739222501991       0.75000000000000000     
  0.23999999999999999       0.47999999999999998       0.74854249654939031       0.75000000000000000     
  0.28000000000000003       0.47999999999999998       0.74383511751379794       0.75000000000000000     
  0.32000000000000001       0.47999999999999998       0.72835513904140414       0.75000000000000000     
  0.35999999999999999       0.47999999999999998       0.68774815860944849       0.75000000000000000     
  0.40000000000000002       0.47999999999999998       0.60900948510904007       0.75000000000000000     
  0.44000000000000000       0.47999999999999998       0.51183044640120878       0.75000000000000000     
  0.47999999999999998       0.47999999999999998       0.46626428688120597       0.87500000000000000     
  0.52000000000000002       0.47999999999999998       0.49952383300958492        1.0000000000000000     
  0.56000000000000005       0.47999999999999998       0.50888791908177000        1.0000000000000000     
  0.59999999999999998       0.47999999999999998       0.49526802555486976        1.0000000000000000     
  0.64000000000000001       0.47999999999999998       0.50149408108115978        1.0000000000000000     
  0.68000000000000005       0.47999999999999998       0.49966342380474704        1.0000000000000000     
  0.71999999999999997       0.47999999999999998       0.50006902966241418        1.0000000000000000     
  0.76000000000000001       0.47999999999999998       0.49999448151072151        1.0000000000000000     
  0.80000000000000004       0.47999999999999998       0.50001366209160980        1.0000000000000000     
  0.83999999999999997       0.47999999999999998       0.49999030189805221        1.0000000000000000     
  0.88000000000000000       0.47999999999999998       0.50003232330375968        1.0000000000000000     
  0.92000000000000004       0.47999999999999998       0.49997586909996961        1.0000000000000000     
  0.95999999999999996       0.47999999999999998       0.50002910240606546        1.0000000000000000     
   1.0000000000000000       0.47999999999999998       0.50000000000000000        1.0000000000000000     
   0.0000000000000000       0.52000000000000002       0.75000000000000000       0.75000000000000000     
   4.0000000000000001E-002  0.52000000000000002       0.74999956819945834       0.75000000000000000     
   8.0000000000000002E-002  0.52000000000000002       0.75001797461709407       0.75000000000000000     
  0.12000000000000000       0.52000000000000002       0.75003190797317620       0.75000000000000000     
  0.16000000000000000       0.52000000000000002       0.75002221010544001       0.75000000000000000     
  0.20000000000000001       0.52000000000000002       0.74996329802261252       0.75000000000000000     
  0.23999999999999999       0.52000000000000002       0.74969859356659863       0.75000000000000000     
  0.28000000000000003       0.52000000000000002       0.74851223910304299       0.75000000000000000     
  0.32000000000000001       0.52000000000000002       0.74382204665860385       0.75000000000000000     
  0.35999999999999999       0.52000000000000002       0.72834892788952343       0.75000000000000000     
  0.40000000000000002       0.52000000000000002       0.68774182125031691       0.75000000000000000     
  0.44000000000000000       0.52000000000000002       0.60899830892162177       0.75000000000000000     
  0.47999999999999998       0.52000000000000002       0.51181299403499203       0.75000000000000000     
  0.52000000000000002       0.52000000000000002       0.46624439177437643       0.87500000000000000     
  0.56000000000000005       0.52000000000000002       0.49950454293712665        1.0000000000000000     
  0.59999999999999998       0.52000000000000002       0.50886739999016284        1.0000000000000000     
  0.64000000000000001       0.52000000000000002       0.49524663087355647        1.0000000000000000     
  0.68000000000000005       0.52000000000000002       0.50147121580434484        1.0000000000000000     
  0.71999999999999997       0.52000000000000002       0.49964111314438964        1.0000000000000000     
  0.76000000000000001       0.52000000000000002       0.50004761584040780        1.0000000000000000     
  0.80000000000000004       0.52000000000000002       0.49996059805847765        1.0000000000000000     
  0.83999999999999997       0.52000000000000002       0.50001901555073103        1.0000000000000000     
  0.88000000000000000       0.52000000000000002       0.49991701971456559        1.0000000000000000     
  0.92000000000000004       0.52000000000000002       0.50006068173219576        1.0000000000000000     
  0.95999999999999996       0.52000000000000002       0.49991954431430674        1.0000000000000000     
   1.0000000000000000       0.52000000000000002       0.50000000000000000        1.0000000000000000     
   0.0000000000000000       0.56000000000000005       0.75000000000000000       0.75000000000000000     
   4.0000000000000001E-002  0.56000000000000005       0.74999968918540116       0.75000000000000000     
   8.0000000000000002E-002  0.56000000000000005       0.75000453776884668       0.75000000000000000     
  0.12000000000000000       0.56000000000000005       0.75000864880487228       0.75000000000000000     
  0.16000000000000000       0.56000000000000005       0.75000721094002265       0.75000000000000000     
  0.20000000000000001       0.56000000000000005       0.74999628658197814       0.75000000000000000     
  0.23999999999999999       0.56000000000000005       0.74994550529688264       0.75000000000000000     
  0.28000000000000003       0.56000000000000005       0.74968942014213213       0.75000000000000000     
  0.32000000000000001       0.56000000000000005       0.74850868014605532       0.75000000000000000     
  0.35999999999999999       0.56000000000000005       0.74382201008706372       0.75000000000000000     
  0.40000000000000002       0.56000000000000005       0.72835312654381934       0.75000000000000000     
  0.44000000000000000       0.56000000000000005       0.68775469765720099       0.75000000000000000     
  0.47999999999999998       0.56000000000000005       0.60902676052901028       0.75000000000000000     
  0.52000000000000002       0.56000000000000005       0.51185945048982595       0.75000000000000000     
  0.56000000000000005       0.56000000000000005       0.46629779068432414       0.87500000000000000     
  0.59999999999999998       0.56000000000000005       0.49955686445280939        1.0000000000000000     
  0.64000000000000001       0.56000000000000005       0.50892079325721518        1.0000000000000000     
  0.68000000000000005       0.56000000000000005       0.49530771954204678        1.0000000000000000     
  0.71999999999999997       0.56000000000000005       0.50152494193779951        1.0000000000000000     
  0.76000000000000001       0.56000000000000005       0.49970675138341830        1.0000000000000000     
  0.80000000000000004       0.56000000000000005       0.50011702991595119        1.0000000000000000     
  0.83999999999999997       0.56000000000000005       0.49997811850035051        1.0000000000000000     
  0.88000000000000000       0.56000000000000005       0.50017433501784425        1.0000000000000000     
  0.92000000000000004       0.56000000000000005       0.49987638182355387        1.0000000000000000     
  0.95999999999999996       0.56000000000000005       0.50019215996584054        1.0000000000000000     
   1.0000000000000000       0.56000000000000005       0.50000000000000000        1.0000000000000000     
   0.0000000000000000       0.59999999999999998       0.75000000000000000       0.75000000000000000     
   4.0000000000000001E-002  0.59999999999999998       0.74999988224478287       0.75000000000000000     
   8.0000000000000002E-002  0.59999999999999998       0.75000107239542235       0.75000000000000000     
  0.12000000000000000       0.59999999999999998       0.75000216733619129       0.75000000000000000     
  0.16000000000000000       0.59999999999999998       0.75000199331480200       0.75000000000000000     
  0.20000000000000001       0.59999999999999998       0.75000006920998075       0.75000000000000000     
  0.23999999999999999       0.59999999999999998       0.74999130611314357       0.75000000000000000     
  0.28000000000000003       0.59999999999999998       0.74994286665268184       0.75000000000000000     
  0.32000000000000001       0.59999999999999998       0.74968816633537227       0.75000000000000000     
  0.35999999999999999       0.59999999999999998       0.74850759125113897       0.75000000000000000     
  0.40000000000000002       0.59999999999999998       0.74381903497641289       0.75000000000000000     
  0.44000000000000000       0.59999999999999998       0.72834317178785624       0.75000000000000000     
  0.47999999999999998       0.59999999999999998       0.68772645286398160       0.75000000000000000     
  0.52000000000000002       0.59999999999999998       0.60896372992053605       0.75000000000000000     
  0.56000000000000005       0.59999999999999998       0.51175508476009435       0.75000000000000000     
  0.59999999999999998       0.59999999999999998       0.46617450450127923       0.87500000000000000     
  0.64000000000000001       0.59999999999999998       0.49944383315086238        1.0000000000000000     
  0.68000000000000005       0.59999999999999998       0.50878669568233936        1.0000000000000000     
  0.71999999999999997       0.59999999999999998       0.49520278226050701        1.0000000000000000     
  0.76000000000000001       0.59999999999999998       0.50135225904579128        1.0000000000000000     
  0.80000000000000004       0.59999999999999998       0.49961398188278888        1.0000000000000000     
  0.83999999999999997       0.59999999999999998       0.49998460552012625        1.0000000000000000     
  0.88000000000000000       0.59999999999999998       0.49974783397416284        1.0000000000000000     
  0.92000000000000004       0.59999999999999998       0.50016289610637688        1.0000000000000000     
  0.95999999999999996       0.59999999999999998       0.49963357597590108        1.0000000000000000     
   1.0000000000000000       0.59999999999999998       0.50000000000000000        1.0000000000000000     
   0.0000000000000000       0.64000000000000001       0.75000000000000000       0.75000000000000000     
   4.0000000000000001E-002  0.64000000000000001       0.74999996450077444       0.75000000000000000     
   8.0000000000000002E-002  0.64000000000000001       0.75000023828414031       0.75000000000000000     
  0.12000000000000000       0.64000000000000001       0.75000050688241859       0.75000000000000000     
  0.16000000000000000       0.64000000000000001       0.75000049458964657       0.75000000000000000     
  0.20000000000000001       0.64000000000000001       0.75000016413997495       0.75000000000000000     
  0.23999999999999999       0.64000000000000001       0.74999877922357328       0.75000000000000000     
  0.28000000000000003       0.64000000000000001       0.74999062812018069       0.75000000000000000     
  0.32000000000000001       0.64000000000000001       0.74994261168813547       0.75000000000000000     
  0.35999999999999999       0.64000000000000001       0.74968826926197918       0.75000000000000000     
  0.40000000000000002       0.64000000000000001       0.74850856359691187       0.75000000000000000     
  0.44000000000000000       0.64000000000000001       0.74382328096536132       0.75000000000000000     
  0.47999999999999998       0.64000000000000001       0.72835820100832016       0.75000000000000000     
  0.52000000000000002       0.64000000000000001       0.68777104558604085       0.75000000000000000     
  0.56000000000000005       0.64000000000000001       0.60906458584629719       0.75000000000000000     
  0.59999999999999998       0.64000000000000001       0.51193571944165950       0.75000000000000000     
  0.64000000000000001       0.64000000000000001       0.46637215329153942       0.87500000000000000     
  0.68000000000000005       0.64000000000000001       0.49967573421127659        1.0000000000000000     
  0.71999999999999997       0.64000000000000001       0.50890767856026831        1.0000000000000000     
  0.76000000000000001       0.64000000000000001       0.49558035539500278        1.0000000000000000     
  0.80000000000000004       0.64000000000000001       0.50131530174699035        1.0000000000000000     
  0.83999999999999997       0.64000000000000001       0.50011574290029759        1.0000000000000000     
  0.88000000000000000       0.64000000000000001       0.50002073640921230        1.0000000000000000     
  0.92000000000000004       0.64000000000000001       0.50007967894692018        1.0000000000000000     
  0.95999999999999996       0.64000000000000001       0.50041578237662965        1.0000000000000000     
   1.0000000000000000       0.64000000000000001       0.50000000000000000        1.0000000000000000     
   0.0000000000000000       0.68000000000000005       0.75000000000000000       0.75000000000000000     
   4.0000000000000001E-002  0.68000000000000005       0.74999999070044321       0.75000000000000000     
   8.0000000000000002E-002  0.68000000000000005       0.75000005003831238       0.75000000000000000     
  0.12000000000000000       0.68000000000000005       0.75000011139969125       0.75000000000000000     
  0.16000000000000000       0.68000000000000005       0.75000011294125779       0.75000000000000000     
  0.20000000000000001       0.68000000000000005       0.75000005634117717       0.75000000000000000     
  0.23999999999999999       0.68000000000000005       0.74999985135848990       0.75000000000000000     
  0.28000000000000003       0.68000000000000005       0.74999861214643848       0.75000000000000000     
  0.32000000000000001       0.68000000000000005       0.74999055713507090       0.75000000000000000     
  0.35999999999999999       0.68000000000000005       0.74994258900997646       0.75000000000000000     
  0.40000000000000002       0.68000000000000005       0.74968827274574579       0.75000000000000000     
  0.44000000000000000       0.68000000000000005       0.74850850821132464       0.75000000000000000     
  0.47999999999999998       0.68000000000000005       0.74382285491549971       0.75000000000000000     
  0.52000000000000002       0.68000000000000005       0.72835438558753685       0.75000000000000000     
  0.56000000000000005       0.68000000000000005       0.68775772688949921       0.75000000000000000     
  0.59999999999999998       0.68000000000000005       0.60900815107751283       0.75000000000000000     
  0.64000000000000001       0.68000000000000005       0.51185059121557963       0.75000000000000000     
  0.68000000000000005       0.68000000000000005       0.46613722738314928       0.87500000000000000     
  0.71999999999999997       0.68000000000000005       0.49976906239970220        1.0000000000000000     
  0.76000000000000001       0.68000000000000005       0.50831612264086501        1.0000000000000000     
  0.80000000000000004       0.68000000000000005       0.49630865684197478        1.0000000000000000     
  0.83999999999999997       0.68000000000000005       0.49995773982371250        1.0000000000000000     
  0.88000000000000000       0.68000000000000005       0.50134621961050585        1.0000000000000000     
  0.92000000000000004       0.68000000000000005       0.49863207497638340        1.0000000000000000     
  0.95999999999999996       0.68000000000000005       0.50049597589106354        1.0000000000000000     
   1.0000000000000000       0.68000000000000005       0.50000000000000000        1.0000000000000000     
   0.0000000000000000       0.71999999999999997       0.75000000000000000       0.75000000000000000     
   4.0000000000000001E-002  0.71999999999999997       0.74999999780824178       0.75000000000000000     
   8.0000000000000002E-002  0.71999999999999997       0.75000000998395233       0.75000000000000000     
  0.12000000000000000       0.71999999999999997       0.75000002313041381       0.75000000000000000     
  0.16000000000000000       0.71999999999999997       0.75000002406897515       0.75000000000000000     
  0.20000000000000001       0.71999999999999997       0.75000001428842245       0.75000000000000000     
  0.23999999999999999       0.71999999999999997       0.74999998509778787       0.75000000000000000     
  0.28000000000000003       0.71999999999999997       0.74999981215802392       0.75000000000000000     
  0.32000000000000001       0.71999999999999997       0.74999858872591629       0.75000000000000000     
  0.35999999999999999       0.71999999999999997       0.74999050933966127       0.75000000000000000     
  0.40000000000000002       0.71999999999999997       0.74994232255481019       0.75000000000000000     
  0.44000000000000000       0.71999999999999997       0.74968697096987791       0.75000000000000000     
  0.47999999999999998       0.71999999999999997       0.74850206205127523       0.75000000000000000     
  0.52000000000000002       0.71999999999999997       0.74379942166918334       0.75000000000000000     
  0.56000000000000005       0.71999999999999997       0.72826903768865481       0.75000000000000000     
  0.59999999999999998       0.71999999999999997       0.68756126567676634       0.75000000000000000     
  0.64000000000000001       0.71999999999999997       0.60851574609972914       0.75000000000000000     
  0.68000000000000005       0.71999999999999997       0.51139619974418005       0.75000000000000000     
  0.71999999999999997       0.71999999999999997       0.46500828593054155       0.87500000000000000     
  0.76000000000000001       0.71999999999999997       0.50014340636251120        1.0000000000000000     
  0.80000000000000004       0.71999999999999997       0.50546742360357988        1.0000000000000000     
  0.83999999999999997       0.71999999999999997       0.49898384165973519        1.0000000000000000     
  0.88000000000000000       0.71999999999999997       0.49472380127110649        1.0000000000000000     
  0.92000000000000004       0.71999999999999997       0.50520890760613846        1.0000000000000000     
  0.95999999999999996       0.71999999999999997       0.49525279913324732        1.0000000000000000     
   1.0000000000000000       0.71999999999999997       0.50000000000000000        1.0000000000000000     
   0.0000000000000000       0.76000000000000001       0.75000000000000000       0.75000000000000000     
   4.0000000000000001E-002  0.76000000000000001       0.74999999951565499       0.75000000000000000     
   8.0000000000000002E-002  0.76000000000000001       0.75000000187201865       0.75000000000000000     
  0.12000000000000000       0.76000000000000001       0.75000000453873050       0.75000000000000000     
  0.16000000000000000       0.76000000000000001       0.75000000483598595       0.75000000000000000     
  0.20000000000000001       0.76000000000000001       0.75000000315375881       0.75000000000000000     
  0.23999999999999999       0.76000000000000001       0.74999999913621096       0.75000000000000000     
  0.28000000000000003       0.76000000000000001       0.74999997726405176       0.75000000000000000     
  0.32000000000000001       0.76000000000000001       0.74999981243054403       0.75000000000000000     
  0.35999999999999999       0.76000000000000001       0.74999861216546704       0.75000000000000000     
  0.40000000000000002       0.76000000000000001       0.74999069396407436       0.75000000000000000     
  0.44000000000000000       0.76000000000000001       0.74994332128382080       0.75000000000000000     
  0.47999999999999998       0.76000000000000001       0.74969286896448273       0.75000000000000000     
  0.52000000000000002       0.76000000000000001       0.74852714886606952       0.75000000000000000     
  0.56000000000000005       0.76000000000000001       0.74391177180799761       0.75000000000000000     
  0.59999999999999998       0.76000000000000001       0.72860854878356773       0.75000000000000000     
  0.64000000000000001       0.76000000000000001       0.68864186710980457       0.75000000000000000     
  0.68000000000000005       0.76000000000000001       0.61039348071457533       0.75000000000000000     
  0.71999999999999997       0.76000000000000001       0.51551205732192062       0.75000000000000000     
  0.76000000000000001       0.76000000000000001       0.46687913019378091       0.87500000000000000     
  0.80000000000000004       0.76000000000000001       0.50770993543340959        1.0000000000000000     
  0.83999999999999997       0.76000000000000001       0.50218183416116713        1.0000000000000000     
  0.88000000000000000       0.76000000000000001       0.51316758745337376        1.0000000000000000     
  0.92000000000000004       0.76000000000000001       0.48682504495549639        1.0000000000000000     
  0.95999999999999996       0.76000000000000001       0.51718403677635616        1.0000000000000000     
   1.0000000000000000       0.76000000000000001       0.50000000000000000        1.0000000000000000     
   0.0000000000000000       0.80000000000000004       0.75000000000000000       0.75000000000000000     
   4.0000000000000001E-002  0.80000000000000004       0.74999999990489707       0.75000000000000000     
   8.0000000000000002E-002  0.80000000000000004       0.75000000034676606       0.75000000000000000     
  0.12000000000000000       0.80000000000000004       0.75000000085444851       0.75000000000000000     
  0.16000000000000000       0.80000000000000004       0.75000000091721808       0.75000000000000000     
  0.20000000000000001       0.80000000000000004       0.75000000062338745       0.75000000000000000     
  0.23999999999999999       0.80000000000000004       0.75000000003488798       0.75000000000000000     
  0.28000000000000003       0.80000000000000004       0.74999999733446043       0.75000000000000000     
  0.32000000000000001       0.80000000000000004       0.74999997493366044       0.75000000000000000     
  0.35999999999999999       0.80000000000000004       0.74999980368428654       0.75000000000000000     
  0.40000000000000002       0.80000000000000004       0.74999852570940384       0.75000000000000000     
  0.44000000000000000       0.80000000000000004       0.74999025178555878       0.75000000000000000     
  0.47999999999999998       0.80000000000000004       0.74993998526455286       0.75000000000000000     
  0.52000000000000002       0.80000000000000004       0.74967813334606115       0.75000000000000000     
  0.56000000000000005       0.80000000000000004       0.74844425505738077       0.75000000000000000     
  0.59999999999999998       0.80000000000000004       0.74362697995420457       0.75000000000000000     
  0.64000000000000001       0.80000000000000004       0.72745422476268018       0.75000000000000000     
  0.68000000000000005       0.80000000000000004       0.68598641902960367       0.75000000000000000     
  0.71999999999999997       0.80000000000000004       0.60311017814370671       0.75000000000000000     
  0.76000000000000001       0.80000000000000004       0.50750223860384336       0.75000000000000000     
  0.80000000000000004       0.80000000000000004       0.45019397528279287       0.87500000000000000     
  0.83999999999999997       0.80000000000000004       0.50714206976385701        1.0000000000000000     
  0.88000000000000000       0.80000000000000004       0.47374638601889973        1.0000000000000000     
  0.92000000000000004       0.80000000000000004       0.52412670093862146        1.0000000000000000     
  0.95999999999999996       0.80000000000000004       0.45516013836447616        1.0000000000000000     
   1.0000000000000000       0.80000000000000004       0.50000000000000000        1.0000000000000000     
   0.0000000000000000       0.83999999999999997       0.75000000000000000       0.75000000000000000     
   4.0000000000000001E-002  0.83999999999999997       0.74999999998073141       0.75000000000000000     
   8.0000000000000002E-002  0.83999999999999997       0.75000000005653522       0.75000000000000000     
  0.12000000000000000       0.83999999999999997       0.75000000015017321       0.75000000000000000     
  0.16000000000000000       0.83999999999999997       0.75000000016655211       0.75000000000000000     
  0.20000000000000001       0.83999999999999997       0.75000000011738976       0.75000000000000000     
  0.23999999999999999       0.83999999999999997       0.75000000004424094       0.75000000000000000     
  0.28000000000000003       0.83999999999999997       0.74999999970850584       0.75000000000000000     
  0.32000000000000001       0.83999999999999997       0.74999999771354942       0.75000000000000000     
  0.35999999999999999       0.83999999999999997       0.74999997597725909       0.75000000000000000     
  0.40000000000000002       0.83999999999999997       0.74999983164399830       0.75000000000000000     
  0.44000000000000000       0.83999999999999997       0.74999862940468509       0.75000000000000000     
  0.47999999999999998       0.83999999999999997       0.74999145313157944       0.75000000000000000     
  0.52000000000000002       0.83999999999999997       0.74994492548784797       0.75000000000000000     
  0.56000000000000005       0.83999999999999997       0.74971486141326393       0.75000000000000000     
  0.59999999999999998       0.83999999999999997       0.74857973615228646       0.75000000000000000     
  0.64000000000000001       0.83999999999999997       0.74432709109006756       0.75000000000000000     
  0.68000000000000005       0.83999999999999997       0.72942214855648557       0.75000000000000000     
  0.71999999999999997       0.83999999999999997       0.69296639878406441       0.75000000000000000     
  0.76000000000000001       0.83999999999999997       0.61506484654544757       0.75000000000000000     
  0.80000000000000004       0.83999999999999997       0.53580899102584678       0.75000000000000000     
  0.83999999999999997       0.83999999999999997       0.46586328797670185       0.87500000000000000     
  0.88000000000000000       0.83999999999999997       0.55312098801539900        1.0000000000000000     
  0.92000000000000004       0.83999999999999997       0.46731142844467105        1.0000000000000000     
  0.95999999999999996       0.83999999999999997       0.59048469819075622        1.0000000000000000     
   1.0000000000000000       0.83999999999999997       0.50000000000000000        1.0000000000000000     
   0.0000000000000000       0.88000000000000000       0.75000000000000000       0.75000000000000000     
   4.0000000000000001E-002  0.88000000000000000       0.74999999999683942       0.75000000000000000     
   8.0000000000000002E-002  0.88000000000000000       0.75000000001025546       0.75000000000000000     
  0.12000000000000000       0.88000000000000000       0.75000000002617739       0.75000000000000000     
  0.16000000000000000       0.88000000000000000       0.75000000002848255       0.75000000000000000     
  0.20000000000000001       0.88000000000000000       0.75000000002019129       0.75000000000000000     
  0.23999999999999999       0.88000000000000000       0.75000000000725431       0.75000000000000000     
  0.28000000000000003       0.88000000000000000       0.74999999997178901       0.75000000000000000     
  0.32000000000000001       0.88000000000000000       0.74999999965759967       0.75000000000000000     
  0.35999999999999999       0.88000000000000000       0.74999999679315765       0.75000000000000000     
  0.40000000000000002       0.88000000000000000       0.74999997291899190       0.75000000000000000     
  0.44000000000000000       0.88000000000000000       0.74999977769221249       0.75000000000000000     
  0.47999999999999998       0.88000000000000000       0.74999839909026245       0.75000000000000000     
  0.52000000000000002       0.88000000000000000       0.74998908383127127       0.75000000000000000     
  0.56000000000000005       0.88000000000000000       0.74993442418082601       0.75000000000000000     
  0.59999999999999998       0.88000000000000000       0.74964290755423191       0.75000000000000000     
  0.64000000000000001       0.88000000000000000       0.74829599436179173       0.75000000000000000     
  0.68000000000000005       0.88000000000000000       0.74298806849088206       0.75000000000000000     
  0.71999999999999997       0.88000000000000000       0.72531608017788063       0.75000000000000000     
  0.76000000000000001       0.88000000000000000       0.68035008661063923       0.75000000000000000     
  0.80000000000000004       0.88000000000000000       0.58902733607754709       0.75000000000000000     
  0.83999999999999997       0.88000000000000000       0.49342509524210654       0.75000000000000000     
  0.88000000000000000       0.88000000000000000       0.40705726750344301       0.87500000000000000     
  0.92000000000000004       0.88000000000000000       0.52790182528787222        1.0000000000000000     
  0.95999999999999996       0.88000000000000000       0.34476405536005345        1.0000000000000000     
   1.0000000000000000       0.88000000000000000       0.50000000000000000        1.0000000000000000     
   0.0000000000000000       0.92000000000000004       0.75000000000000000       0.75000000000000000     
   4.0000000000000001E-002  0.92000000000000004       0.74999999999939049       0.75000000000000000     
   8.0000000000000002E-002  0.92000000000000004       0.75000000000141642       0.75000000000000000     
  0.12000000000000000       0.92000000000000004       0.75000000000410716       0.75000000000000000     
  0.16000000000000000       0.92000000000000004       0.75000000000485934       0.75000000000000000     
  0.20000000000000001       0.92000000000000004       0.75000000000267586       0.75000000000000000     
  0.23999999999999999       0.92000000000000004       0.75000000000649925       0.75000000000000000     
  0.28000000000000003       0.92000000000000004       0.74999999997223665       0.75000000000000000     
  0.32000000000000001       0.92000000000000004       0.75000000010419832       0.75000000000000000     
  0.35999999999999999       0.92000000000000004       0.74999999913433546       0.75000000000000000     
  0.40000000000000002       0.92000000000000004       0.74999999995354494       0.75000000000000000     
  0.44000000000000000       0.92000000000000004       0.74999996993331119       0.75000000000000000     
  0.47999999999999998       0.92000000000000004       0.74999985297948413       0.75000000000000000     
  0.52000000000000002       0.92000000000000004       0.74999869135917041       0.75000000000000000     
  0.56000000000000005       0.92000000000000004       0.74999151921382112       0.75000000000000000     
  0.59999999999999998       0.92000000000000004       0.74994929678614652       0.75000000000000000     
  0.64000000000000001       0.92000000000000004       0.74971921525921237       0.75000000000000000     
  0.68000000000000005       0.92000000000000004       0.74868441445714473       0.75000000000000000     
  0.71999999999999997       0.92000000000000004       0.74454060548815637       0.75000000000000000     
  0.76000000000000001       0.92000000000000004       0.73089596084966046       0.75000000000000000     
  0.80000000000000004       0.92000000000000004       0.69682251088277991       0.75000000000000000     
  0.83999999999999997       0.92000000000000004       0.62537886510704954       0.75000000000000000     
  0.88000000000000000       0.92000000000000004       0.56927534994314910       0.75000000000000000     
  0.92000000000000004       0.92000000000000004       0.48318488572479174       0.87500000000000000     
  0.95999999999999996       0.92000000000000004       0.71372197294056472        1.0000000000000000     
   1.0000000000000000       0.92000000000000004       0.50000000000000000        1.0000000000000000     
   0.0000000000000000       0.95999999999999996       0.75000000000000000       0.75000000000000000     
   4.0000000000000001E-002  0.95999999999999996       0.74999999999989919       0.75000000000000000     
   8.0000000000000002E-002  0.95999999999999996       0.75000000000023337       0.75000000000000000     
  0.12000000000000000       0.95999999999999996       0.75000000000064448       0.75000000000000000     
  0.16000000000000000       0.95999999999999996       0.75000000000075340       0.75000000000000000     
  0.20000000000000001       0.95999999999999996       0.75000000000022404       0.75000000000000000     
  0.23999999999999999       0.95999999999999996       0.75000000000204103       0.75000000000000000     
  0.28000000000000003       0.95999999999999996       0.74999999998829703       0.75000000000000000     
  0.32000000000000001       0.95999999999999996       0.75000000006434508       0.75000000000000000     
  0.35999999999999999       0.95999999999999996       0.74999999957071539       0.75000000000000000     
  0.40000000000000002       0.95999999999999996       0.75000000168573877       0.75000000000000000     
  0.44000000000000000       0.95999999999999996       0.74999998533324519       0.75000000000000000     
  0.47999999999999998       0.95999999999999996       0.75000002074501815       0.75000000000000000     
  0.52000000000000002       0.95999999999999996       0.74999947873575012       0.75000000000000000     
  0.56000000000000005       0.95999999999999996       0.74999923539533120       0.75000000000000000     
  0.59999999999999998       0.95999999999999996       0.74998167629684187       0.75000000000000000     
  0.64000000000000001       0.95999999999999996       0.74994274320357979       0.75000000000000000     
  0.68000000000000005       0.95999999999999996       0.74947908876862579       0.75000000000000000     
  0.71999999999999997       0.95999999999999996       0.74826623723286878       0.75000000000000000     
  0.76000000000000001       0.95999999999999996       0.74025956421364936       0.75000000000000000     
  0.80000000000000004       0.95999999999999996       0.72326470838220402       0.75000000000000000     
  0.83999999999999997       0.95999999999999996       0.65242847188442110       0.75000000000000000     
  0.88000000000000000       0.95999999999999996       0.56491479310973891       0.75000000000000000     
  0.92000000000000004       0.95999999999999996       0.36040402103795355       0.75000000000000000     
  0.95999999999999996       0.95999999999999996       0.22533716409348475       0.87500000000000000     
   1.0000000000000000       0.95999999999999996       0.50000000000000000        1.0000000000000000     
   0.0000000000000000        1.0000000000000000       0.75000000000000000       0.75000000000000000     
   4.0000000000000001E-002   1.0000000000000000       0.75000000000000000       0.75000000000000000     
   8.0000000000000002E-002   1.0000000000000000       0.75000000000000000       0.75000000000000000     
  0.12000000000000000        1.0000000000000000       0.75000000000000000       0.75000000000000000     
  0.16000000000000000        1.0000000000000000       0.75000000000000000       0.75000000000000000     
  0.20000000000000001        1.0000000000000000       0.75000000000000000       0.75000000000000000     
  0.23999999999999999        1.0000000000000000       0.75000000000000000       0.75000000000000000     
  0.28000000000000003        1.0000000000000000       0.75000000000000000       0.75000000000000000     
  0.32000000000000001        1.0000000000000000       0.75000000000000000       0.75000000000000000     
  0.35999999999999999        1.0000000000000000       0.75000000000000000       0.75000000000000000     
  0.40000000000000002        1.0000000000000000       0.75000000000000000       0.75000000000000000     
  0.44000000000000000        1.0000000000000000       0.75000000000000000       0.75000000000000000     
  0.47999999999999998        1.0000000000000000       0.75000000000000000       0.75000000000000000     
  0.52000000000000002        1.0000000000000000       0.75000000000000000       0.75000000000000000     
  0.56000000000000005        1.0000000000000000       0.75000000000000000       0.75000000000000000     
  0.59999999999999998        1.0000000000000000       0.75000000000000000       0.75000000000000000     
  0.64000000000000001        1.0000000000000000       0.75000000000000000       0.75000000000000000     
  0.68000000000000005        1.0000000000000000       0.75000000000000000       0.75000000000000000     
  0.71999999999999997        1.0000000000000000       0.75000000000000000       0.75000000000000000     
  0.76000000000000001        1.0000000000000000       0.75000000000000000       0.75000000000000000     
  0.80000000000000004        1.0000000000000000       0.75000000000000000       0.75000000000000000     
  0.83999999999999997        1.0000000000000000       0.75000000000000000       0.75000000000000000     
  0.88000000000000000        1.0000000000000000       0.75000000000000000       0.75000000000000000     
  0.92000000000000004        1.0000000000000000       0.75000000000000000       0.75000000000000000     
  0.95999999999999996        1.0000000000000000       0.75000000000000000       0.75000000000000000     
   1.0000000000000000        1.0000000000000000       0.62500000000000000       0.87500000000000000     
