   0.0000000000000000        0.0000000000000000       0.62500000000000000       0.87500000000000000     
   4.0000000000000001E-002   0.0000000000000000       0.50000000000000000        1.0000000000000000     
   8.0000000000000002E-002   0.0000000000000000       0.50000000000000000        1.0000000000000000     
  0.12000000000000000        0.0000000000000000       0.50000000000000000        1.0000000000000000     
  0.16000000000000000        0.0000000000000000       0.50000000000000000        1.0000000000000000     
  0.20000000000000001        0.0000000000000000       0.50000000000000000        1.0000000000000000     
  0.23999999999999999        0.0000000000000000       0.50000000000000000        1.0000000000000000     
  0.28000000000000003        0.0000000000000000       0.50000000000000000        1.0000000000000000     
  0.32000000000000001        0.0000000000000000       0.50000000000000000        1.0000000000000000     
  0.35999999999999999        0.0000000000000000       0.50000000000000000        1.0000000000000000     
  0.40000000000000002        0.0000000000000000       0.50000000000000000        1.0000000000000000     
  0.44000000000000000        0.0000000000000000       0.50000000000000000        1.0000000000000000     
  0.47999999999999998        0.0000000000000000       0.50000000000000000        1.0000000000000000     
  0.52000000000000002        0.0000000000000000       0.50000000000000000        1.0000000000000000     
  0.56000000000000005        0.0000000000000000       0.50000000000000000        1.0000000000000000     
  0.59999999999999998        0.0000000000000000       0.50000000000000000        1.0000000000000000     
  0.64000000000000001        0.0000000000000000       0.50000000000000000        1.0000000000000000     
  0.68000000000000005        0.0000000000000000       0.50000000000000000        1.0000000000000000     
  0.71999999999999997        0.0000000000000000       0.50000000000000000        1.0000000000000000     
  0.76000000000000001        0.0000000000000000       0.50000000000000000        1.0000000000000000     
  0.80000000000000004        0.0000000000000000       0.50000000000000000        1.0000000000000000     
  0.83999999999999997        0.0000000000000000       0.50000000000000000        1.0000000000000000     
  0.88000000000000000        0.0000000000000000       0.50000000000000000        1.0000000000000000     
  0.92000000000000004        0.0000000000000000       0.50000000000000000        1.0000000000000000     
  0.95999999999999996        0.0000000000000000       0.50000000000000000        1.0000000000000000     
   1.0000000000000000        0.0000000000000000       0.50000000000000000        1.0000000000000000     
   0.0000000000000000        4.0000000000000001E-002  0.75000000000000000       0.75000000000000000     
   4.0000000000000001E-002   4.0000000000000001E-002  0.57709909161681960       0.87500000000000000     
   8.0000000000000002E-002   4.0000000000000001E-002  0.52481000456621341        1.0000000000000000     
  0.12000000000000000        4.0000000000000001E-002  0.50607717966347077        1.0000000000000000     
  0.16000000000000000        4.0000000000000001E-002  0.49095692038528793        1.0000000000000000     
  0.20000000000000001        4.0000000000000001E-002  0.50116965451981710        1.0000000000000000     
  0.23999999999999999        4.0000000000000001E-002  0.49900102468671648        1.0000000000000000     
  0.28000000000000003        4.0000000000000001E-002  0.50023679421172984        1.0000000000000000     
  0.32000000000000001        4.0000000000000001E-002  0.50003965081674473        1.0000000000000000     
  0.35999999999999999        4.0000000000000001E-002  0.50004490410510083        1.0000000000000000     
  0.40000000000000002        4.0000000000000001E-002  0.50001441663682056        1.0000000000000000     
  0.44000000000000000        4.0000000000000001E-002  0.50000510369784046        1.0000000000000000     
  0.47999999999999998        4.0000000000000001E-002  0.50000141405274989        1.0000000000000000     
  0.52000000000000002        4.0000000000000001E-002  0.50000036823553917        1.0000000000000000     
  0.56000000000000005        4.0000000000000001E-002  0.50000008584093492        1.0000000000000000     
  0.59999999999999998        4.0000000000000001E-002  0.50000001859977738        1.0000000000000000     
  0.64000000000000001        4.0000000000000001E-002  0.50000000371131637        1.0000000000000000     
  0.68000000000000005        4.0000000000000001E-002  0.50000000069079475        1.0000000000000000     
  0.71999999999999997        4.0000000000000001E-002  0.50000000005579470        1.0000000000000000     
  0.76000000000000001        4.0000000000000001E-002  0.50000000007572565        1.0000000000000000     
  0.80000000000000004        4.0000000000000001E-002  0.49999999982031856        1.0000000000000000     
  0.83999999999999997        4.0000000000000001E-002  0.50000000018838797        1.0000000000000000     
  0.88000000000000000        4.0000000000000001E-002  0.49999999973873321        1.0000000000000000     
  0.92000000000000004        4.0000000000000001E-002  0.50000000015773471        1.0000000000000000     
  0.95999999999999996        4.0000000000000001E-002  0.49999999983887433        1.0000000000000000     
   1.0000000000000000        4.0000000000000001E-002  0.50000000000000000        1.0000000000000000     
   0.0000000000000000        8.0000000000000002E-002  0.75000000000000000       0.75000000000000000     
   4.0000000000000001E-002   8.0000000000000002E-002  0.64840401580947560       0.75000000000000000     
   8.0000000000000002E-002   8.0000000000000002E-002  0.54558773344154621       0.87500000000000000     
  0.12000000000000000        8.0000000000000002E-002  0.53026732206812799        1.0000000000000000     
  0.16000000000000000        8.0000000000000002E-002  0.50485892235000773        1.0000000000000000     
  0.20000000000000001        8.0000000000000002E-002  0.49168025356279771        1.0000000000000000     
  0.23999999999999999        8.0000000000000002E-002  0.50018479931194870        1.0000000000000000     
  0.28000000000000003        8.0000000000000002E-002  0.49835063020035014        1.0000000000000000     
  0.32000000000000001        8.0000000000000002E-002  0.49984348140573559        1.0000000000000000     
  0.35999999999999999        8.0000000000000002E-002  0.49986911232171061        1.0000000000000000     
  0.40000000000000002        8.0000000000000002E-002  0.49998068787913791        1.0000000000000000     
  0.44000000000000000        8.0000000000000002E-002  0.49999346750582346        1.0000000000000000     
  0.47999999999999998        8.0000000000000002E-002  0.49999896969953500        1.0000000000000000     
  0.52000000000000002        8.0000000000000002E-002  0.49999978568464998        1.0000000000000000     
  0.56000000000000005        8.0000000000000002E-002  0.49999997140904523        1.0000000000000000     
  0.59999999999999998        8.0000000000000002E-002  0.49999999645992715        1.0000000000000000     
  0.64000000000000001        8.0000000000000002E-002  0.49999999997493061        1.0000000000000000     
  0.68000000000000005        8.0000000000000002E-002  0.50000000012369494        1.0000000000000000     
  0.71999999999999997        8.0000000000000002E-002  0.50000000033381153        1.0000000000000000     
  0.76000000000000001        8.0000000000000002E-002  0.49999999977624660        1.0000000000000000     
  0.80000000000000004        8.0000000000000002E-002  0.50000000081756901        1.0000000000000000     
  0.83999999999999997        8.0000000000000002E-002  0.49999999917932675        1.0000000000000000     
  0.88000000000000000        8.0000000000000002E-002  0.50000000116155119        1.0000000000000000     
  0.92000000000000004        8.0000000000000002E-002  0.49999999932818306        1.0000000000000000     
  0.95999999999999996        8.0000000000000002E-002  0.50000000069637585        1.0000000000000000     
   1.0000000000000000        8.0000000000000002E-002  0.50000000000000000        1.0000000000000000     
   0.0000000000000000       0.12000000000000000       0.75000000000000000       0.75000000000000000     
   4.0000000000000001E-002  0.12000000000000000       0.71529622035012763       0.75000000000000000     
   8.0000000000000002E-002  0.12000000000000000       0.59470478442256536       0.75000000000000000     
  0.12000000000000000       0.12000000000000000       0.52960328580965077       0.87500000000000000     
  0.16000000000000000       0.12000000000000000       0.52789602863364082        1.0000000000000000     
  0.20000000000000001       0.12000000000000000       0.50810367178129512        1.0000000000000000     
  0.23999999999999999       0.12000000000000000       0.49405988379204668        1.0000000000000000     
  0.28000000000000003       0.12000000000000000       0.50133972104320845        1.0000000000000000     
  0.32000000000000001       0.12000000000000000       0.49875877140186176        1.0000000000000000     
  0.35999999999999999       0.12000000000000000       0.49995902725944363        1.0000000000000000     
  0.40000000000000002       0.12000000000000000       0.49989450817222186        1.0000000000000000     
  0.44000000000000000       0.12000000000000000       0.49998449056693789        1.0000000000000000     
  0.47999999999999998       0.12000000000000000       0.49999350450256830        1.0000000000000000     
  0.52000000000000002       0.12000000000000000       0.49999873947213813        1.0000000000000000     
  0.56000000000000005       0.12000000000000000       0.49999967885683866        1.0000000000000000     
  0.59999999999999998       0.12000000000000000       0.49999993685512462        1.0000000000000000     
  0.64000000000000001       0.12000000000000000       0.49999998664053957        1.0000000000000000     
  0.68000000000000005       0.12000000000000000       0.49999999732765527        1.0000000000000000     
  0.71999999999999997       0.12000000000000000       0.49999999820473251        1.0000000000000000     
  0.76000000000000001       0.12000000000000000       0.50000000088273744        1.0000000000000000     
  0.80000000000000004       0.12000000000000000       0.49999999636868142        1.0000000000000000     
  0.83999999999999997       0.12000000000000000       0.50000000356918461        1.0000000000000000     
  0.88000000000000000       0.12000000000000000       0.49999999484719920        1.0000000000000000     
  0.92000000000000004       0.12000000000000000       0.50000000286953927        1.0000000000000000     
  0.95999999999999996       0.12000000000000000       0.49999999697380199        1.0000000000000000     
   1.0000000000000000       0.12000000000000000       0.50000000000000000        1.0000000000000000     
   0.0000000000000000       0.16000000000000000       0.75000000000000000       0.75000000000000000     
   4.0000000000000001E-002  0.16000000000000000       0.75566595487068122       0.75000000000000000     
   8.0000000000000002E-002  0.16000000000000000       0.67222312692022101       0.75000000000000000     
  0.12000000000000000       0.16000000000000000       0.56137669254461364       0.75000000000000000     
  0.16000000000000000       0.16000000000000000       0.51484486676601982       0.87500000000000000     
  0.20000000000000001       0.16000000000000000       0.52611813970750043        1.0000000000000000     
  0.23999999999999999       0.16000000000000000       0.51032552570509060        1.0000000000000000     
  0.28000000000000003       0.16000000000000000       0.49621603133403086        1.0000000000000000     
  0.32000000000000001       0.16000000000000000       0.50255415173002138        1.0000000000000000     
  0.35999999999999999       0.16000000000000000       0.49928892077456188        1.0000000000000000     
  0.40000000000000002       0.16000000000000000       0.50015373631513116        1.0000000000000000     
  0.44000000000000000       0.16000000000000000       0.49995707725594246        1.0000000000000000     
  0.47999999999999998       0.16000000000000000       0.50000248771880296        1.0000000000000000     
  0.52000000000000002       0.16000000000000000       0.49999821014654605        1.0000000000000000     
  0.56000000000000005       0.16000000000000000       0.49999987172856297        1.0000000000000000     
  0.59999999999999998       0.16000000000000000       0.49999993328358500        1.0000000000000000     
  0.64000000000000001       0.16000000000000000       0.49999999278313567        1.0000000000000000     
  0.68000000000000005       0.16000000000000000       0.49999999940284262        1.0000000000000000     
  0.71999999999999997       0.16000000000000000       0.50000000548051526        1.0000000000000000     
  0.76000000000000001       0.16000000000000000       0.49999999628406067        1.0000000000000000     
  0.80000000000000004       0.16000000000000000       0.50000001515593850        1.0000000000000000     
  0.83999999999999997       0.16000000000000000       0.49999998534138879        1.0000000000000000     
  0.88000000000000000       0.16000000000000000       0.50000002166387925        1.0000000000000000     
  0.92000000000000004       0.16000000000000000       0.49999998837436133        1.0000000000000000     
  0.95999999999999996       0.16000000000000000       0.50000001252294268        1.0000000000000000     
   1.0000000000000000       0.16000000000000000       0.50000000000000000        1.0000000000000000     
   0.0000000000000000       0.20000000000000001       0.75000000000000000       0.75000000000000000     
   4.0000000000000001E-002  0.20000000000000001       0.76613742192698275       0.75000000000000000     
   8.0000000000000002E-002  0.20000000000000001       0.73451189474265888       0.75000000000000000     
  0.12000000000000000       0.20000000000000001       0.63716765139365761       0.75000000000000000     
  0.16000000000000000       0.20000000000000001       0.53431223159967944       0.75000000000000000     
  0.20000000000000001       0.20000000000000001       0.50149316488396545       0.87500000000000000     
  0.23999999999999999       0.20000000000000001       0.52165275934280053        1.0000000000000000     
  0.28000000000000003       0.20000000000000001       0.50954165092963699        1.0000000000000000     
  0.32000000000000001       0.20000000000000001       0.49638658420398302        1.0000000000000000     
  0.35999999999999999       0.20000000000000001       0.50277610321152821        1.0000000000000000     
  0.40000000000000002       0.20000000000000001       0.49940783883139106        1.0000000000000000     
  0.44000000000000000       0.20000000000000001       0.50020123866080490        1.0000000000000000     
  0.47999999999999998       0.20000000000000001       0.49997293751481631        1.0000000000000000     
  0.52000000000000002       0.20000000000000001       0.50000711823940169        1.0000000000000000     
  0.56000000000000005       0.20000000000000001       0.49999941585856628        1.0000000000000000     
  0.59999999999999998       0.20000000000000001       0.50000014962058803        1.0000000000000000     
  0.64000000000000001       0.20000000000000001       0.49999998176416688        1.0000000000000000     
  0.68000000000000005       0.20000000000000001       0.49999999436751541        1.0000000000000000     
  0.71999999999999997       0.20000000000000001       0.49999997664449330        1.0000000000000000     
  0.76000000000000001       0.20000000000000001       0.50000001291055851        1.0000000000000000     
  0.80000000000000004       0.20000000000000001       0.49999994015304272        1.0000000000000000     
  0.83999999999999997       0.20000000000000001       0.50000005662098213        1.0000000000000000     
  0.88000000000000000       0.20000000000000001       0.49999991382688147        1.0000000000000000     
  0.92000000000000004       0.20000000000000001       0.50000004462656511        1.0000000000000000     
  0.95999999999999996       0.20000000000000001       0.49999995070119885        1.0000000000000000     
   1.0000000000000000       0.20000000000000001       0.50000000000000000        1.0000000000000000     
   0.0000000000000000       0.23999999999999999       0.75000000000000000       0.75000000000000000     
   4.0000000000000001E-002  0.23999999999999999       0.76154595572902029       0.75000000000000000     
   8.0000000000000002E-002  0.23999999999999999       0.76174259350338325       0.75000000000000000     
  0.12000000000000000       0.23999999999999999       0.70863507438374285       0.75000000000000000     
  0.16000000000000000       0.23999999999999999       0.60626771276210623       0.75000000000000000     
  0.20000000000000001       0.23999999999999999       0.51144384332003634       0.75000000000000000     
  0.23999999999999999       0.23999999999999999       0.48878518113086139       0.87500000000000000     
  0.28000000000000003       0.23999999999999999       0.51592301141158226        1.0000000000000000     
  0.32000000000000001       0.23999999999999999       0.50735485678660064        1.0000000000000000     
  0.35999999999999999       0.23999999999999999       0.49566132571315169        1.0000000000000000     
  0.40000000000000002       0.23999999999999999       0.50256336925167744        1.0000000000000000     
  0.44000000000000000       0.23999999999999999       0.49935198536567282        1.0000000000000000     
  0.47999999999999998       0.23999999999999999       0.50018802196283896        1.0000000000000000     
  0.52000000000000002       0.23999999999999999       0.49997012955003184        1.0000000000000000     
  0.56000000000000005       0.23999999999999999       0.50000661134894109        1.0000000000000000     
  0.59999999999999998       0.23999999999999999       0.49999937167918934        1.0000000000000000     
  0.64000000000000001       0.23999999999999999       0.50000019562406517        1.0000000000000000     
  0.68000000000000005       0.23999999999999999       0.50000002774368490        1.0000000000000000     
  0.71999999999999997       0.23999999999999999       0.50000008937868290        1.0000000000000000     
  0.76000000000000001       0.23999999999999999       0.49999995896282817        1.0000000000000000     
  0.80000000000000004       0.23999999999999999       0.50000022118972076        1.0000000000000000     
  0.83999999999999997       0.23999999999999999       0.49999979545319606        1.0000000000000000     
  0.88000000000000000       0.23999999999999999       0.50000032265708427        1.0000000000000000     
  0.92000000000000004       0.23999999999999999       0.49999983842525764        1.0000000000000000     
  0.95999999999999996       0.23999999999999999       0.50000018382200129        1.0000000000000000     
   1.0000000000000000       0.23999999999999999       0.50000000000000000        1.0000000000000000     
   0.0000000000000000       0.28000000000000003       0.75000000000000000       0.75000000000000000     
   4.0000000000000001E-002  0.28000000000000003       0.75500189741094748       0.75000000000000000     
   8.0000000000000002E-002  0.28000000000000003       0.76480075016081506       0.75000000000000000     
  0.12000000000000000       0.28000000000000003       0.74706383360567497       0.75000000000000000     
  0.16000000000000000       0.28000000000000003       0.68214757527258063       0.75000000000000000     
  0.20000000000000001       0.28000000000000003       0.58126212085367757       0.75000000000000000     
  0.23999999999999999       0.28000000000000003       0.49458923493962109       0.75000000000000000     
  0.28000000000000003       0.28000000000000003       0.47976879319468485       0.87500000000000000     
  0.32000000000000001       0.28000000000000003       0.51188428292815302        1.0000000000000000     
  0.35999999999999999       0.28000000000000003       0.50579009216516735        1.0000000000000000     
  0.40000000000000002       0.28000000000000003       0.49512532770364120        1.0000000000000000     
  0.44000000000000000       0.28000000000000003       0.50239840529844448        1.0000000000000000     
  0.47999999999999998       0.28000000000000003       0.49930574506906678        1.0000000000000000     
  0.52000000000000002       0.28000000000000003       0.50017602078568391        1.0000000000000000     
  0.56000000000000005       0.28000000000000003       0.49996712924961645        1.0000000000000000     
  0.59999999999999998       0.28000000000000003       0.50000578592385103        1.0000000000000000     
  0.64000000000000001       0.28000000000000003       0.49999901800757923        1.0000000000000000     
  0.68000000000000005       0.28000000000000003       0.49999998303262111        1.0000000000000000     
  0.71999999999999997       0.28000000000000003       0.49999968855887345        1.0000000000000000     
  0.76000000000000001       0.28000000000000003       0.50000011566591263        1.0000000000000000     
  0.80000000000000004       0.28000000000000003       0.49999924036900545        1.0000000000000000     
  0.83999999999999997       0.28000000000000003       0.50000068532699515        1.0000000000000000     
  0.88000000000000000       0.28000000000000003       0.49999886983332054        1.0000000000000000     
  0.92000000000000004       0.28000000000000003       0.50000054861919829        1.0000000000000000     
  0.95999999999999996       0.28000000000000003       0.49999935422683039        1.0000000000000000     
   1.0000000000000000       0.28000000000000003       0.50000000000000000        1.0000000000000000     
   0.0000000000000000       0.32000000000000001       0.75000000000000000       0.75000000000000000     
   4.0000000000000001E-002  0.32000000000000001       0.75117868503150120       0.75000000000000000     
   8.0000000000000002E-002  0.32000000000000001       0.75968506089452081       0.75000000000000000     
  0.12000000000000000       0.32000000000000001       0.75826300407670466       0.75000000000000000     
  0.16000000000000000       0.32000000000000001       0.72857723519414797       0.75000000000000000     
  0.20000000000000001       0.32000000000000001       0.66133494519801428       0.75000000000000000     
  0.23999999999999999       0.32000000000000001       0.56552365626843848       0.75000000000000000     
  0.28000000000000003       0.32000000000000001       0.48540520364575340       0.75000000000000000     
  0.32000000000000001       0.32000000000000001       0.47535595717234358       0.87500000000000000     
  0.35999999999999999       0.32000000000000001       0.51007126790270019        1.0000000000000000     
  0.40000000000000002       0.32000000000000001       0.50513733648513925        1.0000000000000000     
  0.44000000000000000       0.32000000000000001       0.49491591434518767        1.0000000000000000     
  0.47999999999999998       0.32000000000000001       0.50233798455829504        1.0000000000000000     
  0.52000000000000002       0.32000000000000001       0.49929019048565559        1.0000000000000000     
  0.56000000000000005       0.32000000000000001       0.50017273993875000        1.0000000000000000     
  0.59999999999999998       0.32000000000000001       0.49996694597703623        1.0000000000000000     
  0.64000000000000001       0.32000000000000001       0.50000635991357611        1.0000000000000000     
  0.68000000000000005       0.32000000000000001       0.49999966157085113        1.0000000000000000     
  0.71999999999999997       0.32000000000000001       0.50000106220361207        1.0000000000000000     
  0.76000000000000001       0.32000000000000001       0.49999973478417364        1.0000000000000000     
  0.80000000000000004       0.32000000000000001       0.50000240093160053        1.0000000000000000     
  0.83999999999999997       0.32000000000000001       0.49999789570461561        1.0000000000000000     
  0.88000000000000000       0.32000000000000001       0.50000367271118018        1.0000000000000000     
  0.92000000000000004       0.32000000000000001       0.49999826658792429        1.0000000000000000     
  0.95999999999999996       0.32000000000000001       0.50000212259725108        1.0000000000000000     
   1.0000000000000000       0.32000000000000001       0.50000000000000000        1.0000000000000000     
   0.0000000000000000       0.35999999999999999       0.75000000000000000       0.75000000000000000     
   4.0000000000000001E-002  0.35999999999999999       0.74981153955153423       0.75000000000000000     
   8.0000000000000002E-002  0.35999999999999999       0.75475572824216841       0.75000000000000000     
  0.12000000000000000       0.35999999999999999       0.75749428974391686       0.75000000000000000     
  0.16000000000000000       0.35999999999999999       0.74728060298243126       0.75000000000000000     
  0.20000000000000001       0.35999999999999999       0.71437613895794738       0.75000000000000000     
  0.23999999999999999       0.35999999999999999       0.64969635975237239       0.75000000000000000     
  0.28000000000000003       0.35999999999999999       0.55833326900834845       0.75000000000000000     
  0.32000000000000001       0.35999999999999999       0.48179421960520896       0.75000000000000000     
  0.35999999999999999       0.35999999999999999       0.47381773194606924       0.87500000000000000     
  0.40000000000000002       0.35999999999999999       0.50949958513173776        1.0000000000000000     
  0.44000000000000000       0.35999999999999999       0.50494770419672796        1.0000000000000000     
  0.47999999999999998       0.35999999999999999       0.49485823201444484        1.0000000000000000     
  0.52000000000000002       0.35999999999999999       0.50232088122502705        1.0000000000000000     
  0.56000000000000005       0.35999999999999999       0.49928430741515334        1.0000000000000000     
  0.59999999999999998       0.35999999999999999       0.50016960663708543        1.0000000000000000     
  0.64000000000000001       0.35999999999999999       0.49996438565920609        1.0000000000000000     
  0.68000000000000005       0.35999999999999999       0.50000403477145217        1.0000000000000000     
  0.71999999999999997       0.35999999999999999       0.49999643515535380        1.0000000000000000     
  0.76000000000000001       0.35999999999999999       0.50000041851123367        1.0000000000000000     
  0.80000000000000004       0.35999999999999999       0.49999312126023659        1.0000000000000000     
  0.83999999999999997       0.35999999999999999       0.50000581367383590        1.0000000000000000     
  0.88000000000000000       0.35999999999999999       0.49998905545819328        1.0000000000000000     
  0.92000000000000004       0.35999999999999999       0.50000503891272330        1.0000000000000000     
  0.95999999999999996       0.35999999999999999       0.49999353411893094        1.0000000000000000     
   1.0000000000000000       0.35999999999999999       0.50000000000000000        1.0000000000000000     
   0.0000000000000000       0.40000000000000002       0.75000000000000000       0.75000000000000000     
   4.0000000000000001E-002  0.40000000000000002       0.74960779987617776       0.75000000000000000     
   8.0000000000000002E-002  0.40000000000000002       0.75192556566653901       0.75000000000000000     
  0.12000000000000000       0.40000000000000002       0.75433213002151078       0.75000000000000000     
  0.16000000000000000       0.40000000000000002       0.75178441174876132       0.75000000000000000     
  0.20000000000000001       0.40000000000000002       0.73900510603919178       0.75000000000000000     
  0.23999999999999999       0.40000000000000002       0.70716890634572305       0.75000000000000000     
  0.28000000000000003       0.40000000000000002       0.64505582939089645       0.75000000000000000     
  0.32000000000000001       0.40000000000000002       0.55593099581836880       0.75000000000000000     
  0.35999999999999999       0.40000000000000002       0.48074839311206941       0.75000000000000000     
  0.40000000000000002       0.40000000000000002       0.47342457698137252       0.87500000000000000     
  0.44000000000000000       0.40000000000000002       0.50937089576265482        1.0000000000000000     
  0.47999999999999998       0.40000000000000002       0.50491274094050242        1.0000000000000000     
  0.52000000000000002       0.40000000000000002       0.49485295074095481        1.0000000000000000     
  0.56000000000000005       0.40000000000000002       0.50232415097644301        1.0000000000000000     
  0.59999999999999998       0.40000000000000002       0.49929025380081782        1.0000000000000000     
  0.64000000000000001       0.40000000000000002       0.50017618142373033        1.0000000000000000     
  0.68000000000000005       0.40000000000000002       0.49997141530987377        1.0000000000000000     
  0.71999999999999997       0.40000000000000002       0.50001258346782274        1.0000000000000000     
  0.76000000000000001       0.40000000000000002       0.49999993071006521        1.0000000000000000     
  0.80000000000000004       0.40000000000000002       0.50001744802894488        1.0000000000000000     
  0.83999999999999997       0.40000000000000002       0.49998601229195888        1.0000000000000000     
  0.88000000000000000       0.40000000000000002       0.50002937245846002        1.0000000000000000     
  0.92000000000000004       0.40000000000000002       0.49998676661820024        1.0000000000000000     
  0.95999999999999996       0.40000000000000002       0.50001799977071582        1.0000000000000000     
   1.0000000000000000       0.40000000000000002       0.50000000000000000        1.0000000000000000     
   0.0000000000000000       0.44000000000000000       0.75000000000000000       0.75000000000000000     
   4.0000000000000001E-002  0.44000000000000000       0.74973207563357747       0.75000000000000000     
   8.0000000000000002E-002  0.44000000000000000       0.75066835658151843       0.75000000000000000     
  0.12000000000000000       0.44000000000000000       0.75200985236749696       0.75000000000000000     
  0.16000000000000000       0.44000000000000000       0.75168387346362886       0.75000000000000000     
  0.20000000000000001       0.44000000000000000       0.74755544561341447       0.75000000000000000     
  0.23999999999999999       0.44000000000000000       0.73513857607476207       0.75000000000000000     
  0.28000000000000003       0.44000000000000000       0.70459465345614480       0.75000000000000000     
  0.32000000000000001       0.44000000000000000       0.64368514471447380       0.75000000000000000     
  0.35999999999999999       0.44000000000000000       0.55531420849670943       0.75000000000000000     
  0.40000000000000002       0.44000000000000000       0.48050234741099135       0.75000000000000000     
  0.44000000000000000       0.44000000000000000       0.47333219164896667       0.87500000000000000     
  0.47999999999999998       0.44000000000000000       0.50933362413852734        1.0000000000000000     
  0.52000000000000002       0.44000000000000000       0.50489147014592262        1.0000000000000000     
  0.56000000000000005       0.44000000000000000       0.49483565642817751        1.0000000000000000     
  0.59999999999999998       0.44000000000000000       0.50230657961032232        1.0000000000000000     
  0.64000000000000001       0.44000000000000000       0.49927320665370711        1.0000000000000000     
  0.68000000000000005       0.44000000000000000       0.50015641806929878        1.0000000000000000     
  0.71999999999999997       0.44000000000000000       0.49995169494687935        1.0000000000000000     
  0.76000000000000001       0.44000000000000000       0.49999830669858275        1.0000000000000000     
  0.80000000000000004       0.44000000000000000       0.49996248458941167        1.0000000000000000     
  0.83999999999999997       0.44000000000000000       0.50002727199797481        1.0000000000000000     
  0.88000000000000000       0.44000000000000000       0.49993123074955442        1.0000000000000000     
  0.92000000000000004       0.44000000000000000       0.50003036206721296        1.0000000000000000     
  0.95999999999999996       0.44000000000000000       0.49995525146509634        1.0000000000000000     
   1.0000000000000000       0.44000000000000000       0.50000000000000000        1.0000000000000000     
   0.0000000000000000       0.47999999999999998       0.75000000000000000       0.75000000000000000     
   4.0000000000000001E-002  0.47999999999999998       0.74986510965123454       0.75000000000000000     
   8.0000000000000002E-002  0.47999999999999998       0.75020189180699060       0.75000000000000000     
  0.12000000000000000       0.47999999999999998       0.75080618529947796       0.75000000000000000     
  0.16000000000000000       0.47999999999999998       0.75089883843573857       0.75000000000000000     
  0.20000000000000001       0.47999999999999998       0.74975458283251228       0.75000000000000000     
  0.23999999999999999       0.47999999999999998       0.74572085282988509       0.75000000000000000     
  0.28000000000000003       0.47999999999999998       0.73388678171547894       0.75000000000000000     
  0.32000000000000001       0.47999999999999998       0.70392078536360625       0.75000000000000000     
  0.35999999999999999       0.47999999999999998       0.64338970865672251       0.75000000000000000     
  0.40000000000000002       0.47999999999999998       0.55521542375003863       0.75000000000000000     
  0.44000000000000000       0.47999999999999998       0.48049021037943568       0.75000000000000000     
  0.47999999999999998       0.47999999999999998       0.47335057879091375       0.87500000000000000     
  0.52000000000000002       0.47999999999999998       0.50936183722456396        1.0000000000000000     
  0.56000000000000005       0.47999999999999998       0.50492506242839597        1.0000000000000000     
  0.59999999999999998       0.47999999999999998       0.49487520776045690        1.0000000000000000     
  0.64000000000000001       0.47999999999999998       0.50234325192214591        1.0000000000000000     
  0.68000000000000005       0.47999999999999998       0.49932241186328602        1.0000000000000000     
  0.71999999999999997       0.47999999999999998       0.50019303571644591        1.0000000000000000     
  0.76000000000000001       0.47999999999999998       0.49999990848749160        1.0000000000000000     
  0.80000000000000004       0.47999999999999998       0.50006178733779305        1.0000000000000000     
  0.83999999999999997       0.47999999999999998       0.49996638990718512        1.0000000000000000     
  0.88000000000000000       0.47999999999999998       0.50013099057434240        1.0000000000000000     
  0.92000000000000004       0.47999999999999998       0.49994371522267095        1.0000000000000000     
  0.95999999999999996       0.47999999999999998       0.50009498120069851        1.0000000000000000     
   1.0000000000000000       0.47999999999999998       0.50000000000000000        1.0000000000000000     
   0.0000000000000000       0.52000000000000002       0.75000000000000000       0.75000000000000000     
   4.0000000000000001E-002  0.52000000000000002       0.74994301302872624       0.75000000000000000     
   8.0000000000000002E-002  0.52000000000000002       0.75005303209398289       0.75000000000000000     
  0.12000000000000000       0.52000000000000002       0.75028985909279255       0.75000000000000000     
  0.16000000000000000       0.52000000000000002       0.75038009729132493       0.75000000000000000     
  0.20000000000000001       0.52000000000000002       0.75010197591628502       0.75000000000000000     
  0.23999999999999999       0.52000000000000002       0.74897074735798985       0.75000000000000000     
  0.28000000000000003       0.52000000000000002       0.74517262016548602       0.75000000000000000     
  0.32000000000000001       0.52000000000000002       0.73358201646514876       0.75000000000000000     
  0.35999999999999999       0.52000000000000002       0.70377297618024293       0.75000000000000000     
  0.40000000000000002       0.52000000000000002       0.64331275633771956       0.75000000000000000     
  0.44000000000000000       0.52000000000000002       0.55515513816183126       0.75000000000000000     
  0.47999999999999998       0.52000000000000002       0.48042613865608980       0.75000000000000000     
  0.52000000000000002       0.52000000000000002       0.47328527627574379       0.87500000000000000     
  0.56000000000000005       0.52000000000000002       0.50929966455461506        1.0000000000000000     
  0.59999999999999998       0.52000000000000002       0.50484949762237707        1.0000000000000000     
  0.64000000000000001       0.52000000000000002       0.49481104183547486        1.0000000000000000     
  0.68000000000000005       0.52000000000000002       0.50223823996105477        1.0000000000000000     
  0.71999999999999997       0.52000000000000002       0.49928016780883427        1.0000000000000000     
  0.76000000000000001       0.52000000000000002       0.50005527606476308        1.0000000000000000     
  0.80000000000000004       0.52000000000000002       0.49994922942198100        1.0000000000000000     
  0.83999999999999997       0.52000000000000002       0.49997560509178268        1.0000000000000000     
  0.88000000000000000       0.52000000000000002       0.49984003612273481        1.0000000000000000     
  0.92000000000000004       0.52000000000000002       0.50006255293288182        1.0000000000000000     
  0.95999999999999996       0.52000000000000002       0.49984708045545534        1.0000000000000000     
   1.0000000000000000       0.52000000000000002       0.50000000000000000        1.0000000000000000     
   0.0000000000000000       0.56000000000000005       0.75000000000000000       0.75000000000000000     
   4.0000000000000001E-002  0.56000000000000005       0.74997876331202351       0.75000000000000000     
   8.0000000000000002E-002  0.56000000000000005       0.75001178076351682       0.75000000000000000     
  0.12000000000000000       0.56000000000000005       0.75009531911024174       0.75000000000000000     
  0.16000000000000000       0.56000000000000005       0.75013915845166290       0.75000000000000000     
  0.20000000000000001       0.56000000000000005       0.75007915921471890       0.75000000000000000     
  0.23999999999999999       0.56000000000000005       0.74979758222690673       0.75000000000000000     
  0.28000000000000003       0.56000000000000005       0.74875442925356062       0.75000000000000000     
  0.32000000000000001       0.56000000000000005       0.74505283241488729       0.75000000000000000     
  0.35999999999999999       0.56000000000000005       0.73353001244357174       0.75000000000000000     
  0.40000000000000002       0.56000000000000005       0.70376249433981020       0.75000000000000000     
  0.44000000000000000       0.56000000000000005       0.64333379774678412       0.75000000000000000     
  0.47999999999999998       0.56000000000000005       0.55520763110934135       0.75000000000000000     
  0.52000000000000002       0.56000000000000005       0.48050888043906231       0.75000000000000000     
  0.56000000000000005       0.56000000000000005       0.47337053612091484       0.87500000000000000     
  0.59999999999999998       0.56000000000000005       0.50940153596239701        1.0000000000000000     
  0.64000000000000001       0.56000000000000005       0.50491244952175596        1.0000000000000000     
  0.68000000000000005       0.56000000000000005       0.49499106132330079        1.0000000000000000     
  0.71999999999999997       0.56000000000000005       0.50220094740906673        1.0000000000000000     
  0.76000000000000001       0.56000000000000005       0.49961049237952926        1.0000000000000000     
  0.80000000000000004       0.56000000000000005       0.49989138942190831        1.0000000000000000     
  0.83999999999999997       0.56000000000000005       0.50031279504621773        1.0000000000000000     
  0.88000000000000000       0.56000000000000005       0.49990034663615651        1.0000000000000000     
  0.92000000000000004       0.56000000000000005       0.50007995527424121        1.0000000000000000     
  0.95999999999999996       0.56000000000000005       0.50009258309062576        1.0000000000000000     
   1.0000000000000000       0.56000000000000005       0.50000000000000000        1.0000000000000000     
   0.0000000000000000       0.59999999999999998       0.75000000000000000       0.75000000000000000     
   4.0000000000000001E-002  0.59999999999999998       0.74999283861749333       0.75000000000000000     
   8.0000000000000002E-002  0.59999999999999998       0.75000202096789570       0.75000000000000000     
  0.12000000000000000       0.59999999999999998       0.75002904886913335       0.75000000000000000     
  0.16000000000000000       0.59999999999999998       0.75004585979878169       0.75000000000000000     
  0.20000000000000001       0.59999999999999998       0.75003434183791706       0.75000000000000000     
  0.23999999999999999       0.59999999999999998       0.74997048653453702       0.75000000000000000     
  0.28000000000000003       0.59999999999999998       0.74971908132222620       0.75000000000000000     
  0.32000000000000001       0.59999999999999998       0.74871038045273841       0.75000000000000000     
  0.35999999999999999       0.59999999999999998       0.74503332486239526       0.75000000000000000     
  0.40000000000000002       0.59999999999999998       0.73352538989740301       0.75000000000000000     
  0.44000000000000000       0.59999999999999998       0.70376765897938787       0.75000000000000000     
  0.47999999999999998       0.59999999999999998       0.64334715487027949       0.75000000000000000     
  0.52000000000000002       0.59999999999999998       0.55521774866005769       0.75000000000000000     
  0.56000000000000005       0.59999999999999998       0.48052035884290756       0.75000000000000000     
  0.59999999999999998       0.59999999999999998       0.47333552416296587       0.87500000000000000     
  0.64000000000000001       0.59999999999999998       0.50948901514719458        1.0000000000000000     
  0.68000000000000005       0.59999999999999998       0.50473326889374992        1.0000000000000000     
  0.71999999999999997       0.59999999999999998       0.49539675745153594        1.0000000000000000     
  0.76000000000000001       0.59999999999999998       0.50156683633241583        1.0000000000000000     
  0.80000000000000004       0.59999999999999998       0.50060706608975991        1.0000000000000000     
  0.83999999999999997       0.59999999999999998       0.49884024656623555        1.0000000000000000     
  0.88000000000000000       0.59999999999999998       0.50138426928316693        1.0000000000000000     
  0.92000000000000004       0.59999999999999998       0.49923604787898551        1.0000000000000000     
  0.95999999999999996       0.59999999999999998       0.50054493446825032        1.0000000000000000     
   1.0000000000000000       0.59999999999999998       0.50000000000000000        1.0000000000000000     
   0.0000000000000000       0.64000000000000001       0.75000000000000000       0.75000000000000000     
   4.0000000000000001E-002  0.64000000000000001       0.74999778037539133       0.75000000000000000     
   8.0000000000000002E-002  0.64000000000000001       0.75000016956840809       0.75000000000000000     
  0.12000000000000000       0.64000000000000001       0.75000828820606735       0.75000000000000000     
  0.16000000000000000       0.64000000000000001       0.75001389775048144       0.75000000000000000     
  0.20000000000000001       0.64000000000000001       0.75001195101618967       0.75000000000000000     
  0.23999999999999999       0.64000000000000001       0.74999838055955215       0.75000000000000000     
  0.28000000000000003       0.64000000000000001       0.74994395967928951       0.75000000000000000     
  0.32000000000000001       0.64000000000000001       0.74970317952444743       0.75000000000000000     
  0.35999999999999999       0.64000000000000001       0.74869974063483824       0.75000000000000000     
  0.40000000000000002       0.64000000000000001       0.74501721112555352       0.75000000000000000     
  0.44000000000000000       0.64000000000000001       0.73348300317947945       0.75000000000000000     
  0.47999999999999998       0.64000000000000001       0.70365435352904149       0.75000000000000000     
  0.52000000000000002       0.64000000000000001       0.64311232210886371       0.75000000000000000     
  0.56000000000000005       0.64000000000000001       0.55479004113879671       0.75000000000000000     
  0.59999999999999998       0.64000000000000001       0.48005678767918136       0.75000000000000000     
  0.64000000000000001       0.64000000000000001       0.47262546667390204       0.87500000000000000     
  0.68000000000000005       0.64000000000000001       0.50930403140588554        1.0000000000000000     
  0.71999999999999997       0.64000000000000001       0.50322237243197632        1.0000000000000000     
  0.76000000000000001       0.64000000000000001       0.49623675494361574        1.0000000000000000     
  0.80000000000000004       0.64000000000000001       0.49832682000834538        1.0000000000000000     
  0.83999999999999997       0.64000000000000001       0.50292034183889933        1.0000000000000000     
  0.88000000000000000       0.64000000000000001       0.49475844696476184        1.0000000000000000     
  0.92000000000000004       0.64000000000000001       0.50290379195899748        1.0000000000000000     
  0.95999999999999996       0.64000000000000001       0.49701001958340618        1.0000000000000000     
   1.0000000000000000       0.64000000000000001       0.50000000000000000        1.0000000000000000     
   0.0000000000000000       0.68000000000000005       0.75000000000000000       0.75000000000000000     
   4.0000000000000001E-002  0.68000000000000005       0.74999936141422563       0.75000000000000000     
   8.0000000000000002E-002  0.68000000000000005       0.74999993311319768       0.75000000000000000     
  0.12000000000000000       0.68000000000000005       0.75000220990414090       0.75000000000000000     
  0.16000000000000000       0.68000000000000005       0.75000391570020497       0.75000000000000000     
  0.20000000000000001       0.68000000000000005       0.75000366004763308       0.75000000000000000     
  0.23999999999999999       0.68000000000000005       0.75000092276342012       0.75000000000000000     
  0.28000000000000003       0.68000000000000005       0.74999030053513904       0.75000000000000000     
  0.32000000000000001       0.68000000000000005       0.74993988093382158       0.75000000000000000     
  0.35999999999999999       0.68000000000000005       0.74970399802001775       0.75000000000000000     
  0.40000000000000002       0.68000000000000005       0.74871216943660512       0.75000000000000000     
  0.44000000000000000       0.68000000000000005       0.74506600331206940       0.75000000000000000     
  0.47999999999999998       0.68000000000000005       0.73364580258963108       0.75000000000000000     
  0.52000000000000002       0.68000000000000005       0.70408390021544021       0.75000000000000000     
  0.56000000000000005       0.68000000000000005       0.64411690856532566       0.75000000000000000     
  0.59999999999999998       0.68000000000000005       0.55640910844885516       0.75000000000000000     
  0.64000000000000001       0.68000000000000005       0.48261821210358424       0.75000000000000000     
  0.68000000000000005       0.68000000000000005       0.47437003141377060       0.87500000000000000     
  0.71999999999999997       0.68000000000000005       0.51332985280649268        1.0000000000000000     
  0.76000000000000001       0.68000000000000005       0.50304753933846702        1.0000000000000000     
  0.80000000000000004       0.68000000000000005       0.50421841155091651        1.0000000000000000     
  0.83999999999999997       0.68000000000000005       0.49455585644086481        1.0000000000000000     
  0.88000000000000000       0.68000000000000005       0.51392031684000228        1.0000000000000000     
  0.92000000000000004       0.68000000000000005       0.49191475123909773        1.0000000000000000     
  0.95999999999999996       0.68000000000000005       0.50983610484101205        1.0000000000000000     
   1.0000000000000000       0.68000000000000005       0.50000000000000000        1.0000000000000000     
   0.0000000000000000       0.71999999999999997       0.75000000000000000       0.75000000000000000     
   4.0000000000000001E-002  0.71999999999999997       0.74999982757133077       0.75000000000000000     
   8.0000000000000002E-002  0.71999999999999997       0.74999996346578268       0.75000000000000000     
  0.12000000000000000       0.71999999999999997       0.75000056800231052       0.75000000000000000     
  0.16000000000000000       0.71999999999999997       0.75000104081300023       0.75000000000000000     
  0.20000000000000001       0.71999999999999997       0.75000101553467668       0.75000000000000000     
  0.23999999999999999       0.71999999999999997       0.75000045802791382       0.75000000000000000     
  0.28000000000000003       0.71999999999999997       0.74999846509117107       0.75000000000000000     
  0.32000000000000001       0.71999999999999997       0.74998855816011800       0.75000000000000000     
  0.35999999999999999       0.71999999999999997       0.74993744272650531       0.75000000000000000     
  0.40000000000000002       0.71999999999999997       0.74969490013574758       0.75000000000000000     
  0.44000000000000000       0.71999999999999997       0.74867553464670367       0.75000000000000000     
  0.47999999999999998       0.71999999999999997       0.74492272609838972       0.75000000000000000     
  0.52000000000000002       0.71999999999999997       0.73319904957512338       0.75000000000000000     
  0.56000000000000005       0.71999999999999997       0.70279074713638490       0.75000000000000000     
  0.59999999999999998       0.71999999999999997       0.64140902268577404       0.75000000000000000     
  0.64000000000000001       0.71999999999999997       0.55104676981687584       0.75000000000000000     
  0.68000000000000005       0.71999999999999997       0.47667704688817852       0.75000000000000000     
  0.71999999999999997       0.71999999999999997       0.46505334859344433       0.87500000000000000     
  0.76000000000000001       0.71999999999999997       0.51034401692563058        1.0000000000000000     
  0.80000000000000004       0.71999999999999997       0.48723629237487215        1.0000000000000000     
  0.83999999999999997       0.71999999999999997       0.50762393787063587        1.0000000000000000     
  0.88000000000000000       0.71999999999999997       0.47105575891641721        1.0000000000000000     
  0.92000000000000004       0.71999999999999997       0.51806420365977890        1.0000000000000000     
  0.95999999999999996       0.71999999999999997       0.47451586630375592        1.0000000000000000     
   1.0000000000000000       0.71999999999999997       0.50000000000000000        1.0000000000000000     
   0.0000000000000000       0.76000000000000001       0.75000000000000000       0.75000000000000000     
   4.0000000000000001E-002  0.76000000000000001       0.74999995658950203       0.75000000000000000     
   8.0000000000000002E-002  0.76000000000000001       0.74999998271759349       0.75000000000000000     
  0.12000000000000000       0.76000000000000001       0.75000013202232918       0.75000000000000000     
  0.16000000000000000       0.76000000000000001       0.75000025807895754       0.75000000000000000     
  0.20000000000000001       0.76000000000000001       0.75000026406123277       0.75000000000000000     
  0.23999999999999999       0.76000000000000001       0.75000015742085790       0.75000000000000000     
  0.28000000000000003       0.76000000000000001       0.74999982576752822       0.75000000000000000     
  0.32000000000000001       0.76000000000000001       0.74999821256258992       0.75000000000000000     
  0.35999999999999999       0.76000000000000001       0.74998906880533556       0.75000000000000000     
  0.40000000000000002       0.76000000000000001       0.74994135628572434       0.75000000000000000     
  0.44000000000000000       0.76000000000000001       0.74971302858776634       0.75000000000000000     
  0.47999999999999998       0.76000000000000001       0.74875883518118402       0.75000000000000000     
  0.52000000000000002       0.76000000000000001       0.74522180990900910       0.75000000000000000     
  0.56000000000000005       0.76000000000000001       0.73424651247089401       0.75000000000000000     
  0.59999999999999998       0.76000000000000001       0.70550591758053538       0.75000000000000000     
  0.64000000000000001       0.76000000000000001       0.64819436469573366       0.75000000000000000     
  0.68000000000000005       0.76000000000000001       0.56183305088147351       0.75000000000000000     
  0.71999999999999997       0.76000000000000001       0.49510480395830087       0.75000000000000000     
  0.76000000000000001       0.76000000000000001       0.47719278915574798       0.87500000000000000     
  0.80000000000000004       0.76000000000000001       0.53661884964204598        1.0000000000000000     
  0.83999999999999997       0.76000000000000001       0.48928746051976874        1.0000000000000000     
  0.88000000000000000       0.76000000000000001       0.54906792719387709        1.0000000000000000     
  0.92000000000000004       0.76000000000000001       0.46778069241381331        1.0000000000000000     
  0.95999999999999996       0.76000000000000001       0.55445676218548579        1.0000000000000000     
   1.0000000000000000       0.76000000000000001       0.50000000000000000        1.0000000000000000     
   0.0000000000000000       0.80000000000000004       0.75000000000000000       0.75000000000000000     
   4.0000000000000001E-002  0.80000000000000004       0.74999998944478941       0.75000000000000000     
   8.0000000000000002E-002  0.80000000000000004       0.74999999601821310       0.75000000000000000     
  0.12000000000000000       0.80000000000000004       0.75000003215004574       0.75000000000000000     
  0.16000000000000000       0.80000000000000004       0.75000006221170790       0.75000000000000000     
  0.20000000000000001       0.80000000000000004       0.75000006364881577       0.75000000000000000     
  0.23999999999999999       0.80000000000000004       0.75000004069337711       0.75000000000000000     
  0.28000000000000003       0.80000000000000004       0.74999998021808878       0.75000000000000000     
  0.32000000000000001       0.80000000000000004       0.74999968213804924       0.75000000000000000     
  0.35999999999999999       0.80000000000000004       0.74999791031913765       0.75000000000000000     
  0.40000000000000002       0.80000000000000004       0.74998750402142411       0.75000000000000000     
  0.44000000000000000       0.80000000000000004       0.74993333283008590       0.75000000000000000     
  0.47999999999999998       0.80000000000000004       0.74967334892018145       0.75000000000000000     
  0.52000000000000002       0.80000000000000004       0.74859147076543442       0.75000000000000000     
  0.56000000000000005       0.80000000000000004       0.74457529703019099       0.75000000000000000     
  0.59999999999999998       0.80000000000000004       0.73217386913718485       0.75000000000000000     
  0.64000000000000001       0.80000000000000004       0.69964903679009827       0.75000000000000000     
  0.68000000000000005       0.80000000000000004       0.63536050206557937       0.75000000000000000     
  0.71999999999999997       0.80000000000000004       0.53772651821298467       0.75000000000000000     
  0.76000000000000001       0.80000000000000004       0.46553613405198974       0.75000000000000000     
  0.80000000000000004       0.80000000000000004       0.43853203266737800       0.87500000000000000     
  0.83999999999999997       0.80000000000000004       0.51735520516259526        1.0000000000000000     
  0.88000000000000000       0.80000000000000004       0.43156996958174554        1.0000000000000000     
  0.92000000000000004       0.80000000000000004       0.54470597612915383        1.0000000000000000     
  0.95999999999999996       0.80000000000000004       0.39759335445732868        1.0000000000000000     
   1.0000000000000000       0.80000000000000004       0.50000000000000000        1.0000000000000000     
   0.0000000000000000       0.83999999999999997       0.75000000000000000       0.75000000000000000     
   4.0000000000000001E-002  0.83999999999999997       0.74999999766625491       0.75000000000000000     
   8.0000000000000002E-002  0.83999999999999997       0.74999999848628607       0.75000000000000000     
  0.12000000000000000       0.83999999999999997       0.75000000633592634       0.75000000000000000     
  0.16000000000000000       0.83999999999999997       0.75000001366539304       0.75000000000000000     
  0.20000000000000001       0.83999999999999997       0.75000001474009881       0.75000000000000000     
  0.23999999999999999       0.83999999999999997       0.75000001071913192       0.75000000000000000     
  0.28000000000000003       0.83999999999999997       0.75000000074206452       0.75000000000000000     
  0.32000000000000001       0.83999999999999997       0.74999996665707358       0.75000000000000000     
  0.35999999999999999       0.83999999999999997       0.74999971661200648       0.75000000000000000     
  0.40000000000000002       0.83999999999999997       0.74999829428464038       0.75000000000000000     
  0.44000000000000000       0.83999999999999997       0.74998947726254805       0.75000000000000000     
  0.47999999999999998       0.83999999999999997       0.74994502234638838       0.75000000000000000     
  0.52000000000000002       0.83999999999999997       0.74972711063437791       0.75000000000000000     
  0.56000000000000005       0.83999999999999997       0.74883493427730641       0.75000000000000000     
  0.59999999999999998       0.83999999999999997       0.74548208301782992       0.75000000000000000     
  0.64000000000000001       0.83999999999999997       0.73526978521902353       0.75000000000000000     
  0.68000000000000005       0.83999999999999997       0.70812806536955530       0.75000000000000000     
  0.71999999999999997       0.83999999999999997       0.65579504433947122       0.75000000000000000     
  0.76000000000000001       0.83999999999999997       0.57329918601190666       0.75000000000000000     
  0.80000000000000004       0.83999999999999997       0.52169065553405236       0.75000000000000000     
  0.83999999999999997       0.83999999999999997       0.48401516636700842       0.87500000000000000     
  0.88000000000000000       0.83999999999999997       0.59085989152134366        1.0000000000000000     
  0.92000000000000004       0.83999999999999997       0.45322810762029031        1.0000000000000000     
  0.95999999999999996       0.83999999999999997       0.65631770982352455        1.0000000000000000     
   1.0000000000000000       0.83999999999999997       0.50000000000000000        1.0000000000000000     
   0.0000000000000000       0.88000000000000000       0.75000000000000000       0.75000000000000000     
   4.0000000000000001E-002  0.88000000000000000       0.74999999947587648       0.75000000000000000     
   8.0000000000000002E-002  0.88000000000000000       0.74999999975429421       0.75000000000000000     
  0.12000000000000000       0.88000000000000000       0.75000000152691437       0.75000000000000000     
  0.16000000000000000       0.88000000000000000       0.75000000305153558       0.75000000000000000     
  0.20000000000000001       0.88000000000000000       0.75000000318660753       0.75000000000000000     
  0.23999999999999999       0.88000000000000000       0.75000000226236396       0.75000000000000000     
  0.28000000000000003       0.88000000000000000       0.75000000029767300       0.75000000000000000     
  0.32000000000000001       0.88000000000000000       0.74999999438645648       0.75000000000000000     
  0.35999999999999999       0.88000000000000000       0.74999993882856719       0.75000000000000000     
  0.40000000000000002       0.88000000000000000       0.74999965948220804       0.75000000000000000     
  0.44000000000000000       0.88000000000000000       0.74999738023702744       0.75000000000000000     
  0.47999999999999998       0.88000000000000000       0.74998660144661133       0.75000000000000000     
  0.52000000000000002       0.88000000000000000       0.74991942701654546       0.75000000000000000     
  0.56000000000000005       0.88000000000000000       0.74964301164102154       0.75000000000000000     
  0.59999999999999998       0.88000000000000000       0.74833574498432642       0.75000000000000000     
  0.64000000000000001       0.88000000000000000       0.74404742899246401       0.75000000000000000     
  0.68000000000000005       0.88000000000000000       0.72928844351936417       0.75000000000000000     
  0.71999999999999997       0.88000000000000000       0.69522619224603344       0.75000000000000000     
  0.76000000000000001       0.88000000000000000       0.61891228612413596       0.75000000000000000     
  0.80000000000000004       0.88000000000000000       0.52413986280589708       0.75000000000000000     
  0.83999999999999997       0.88000000000000000       0.43175964198858796       0.75000000000000000     
  0.88000000000000000       0.88000000000000000       0.41393586686412775       0.87500000000000000     
  0.92000000000000004       0.88000000000000000       0.51079281984479719        1.0000000000000000     
  0.95999999999999996       0.88000000000000000       0.27042381365057916        1.0000000000000000     
   1.0000000000000000       0.88000000000000000       0.50000000000000000        1.0000000000000000     
   0.0000000000000000       0.92000000000000004       0.75000000000000000       0.75000000000000000     
   4.0000000000000001E-002  0.92000000000000004       0.74999999989746813       0.75000000000000000     
   8.0000000000000002E-002  0.92000000000000004       0.74999999991573574       0.75000000000000000     
  0.12000000000000000       0.92000000000000004       0.75000000025497704       0.75000000000000000     
  0.16000000000000000       0.92000000000000004       0.75000000060693595       0.75000000000000000     
  0.20000000000000001       0.92000000000000004       0.75000000063214300       0.75000000000000000     
  0.23999999999999999       0.92000000000000004       0.75000000068421557       0.75000000000000000     
  0.28000000000000003       0.92000000000000004       0.74999999950443053       0.75000000000000000     
  0.32000000000000001       0.92000000000000004       0.75000000240369935       0.75000000000000000     
  0.35999999999999999       0.92000000000000004       0.74999998338643081       0.75000000000000000     
  0.40000000000000002       0.92000000000000004       0.75000000109329834       0.75000000000000000     
  0.44000000000000000       0.92000000000000004       0.74999957384884552       0.75000000000000000     
  0.47999999999999998       0.92000000000000004       0.74999870646047684       0.75000000000000000     
  0.52000000000000002       0.92000000000000004       0.74998788305695063       0.75000000000000000     
  0.56000000000000005       0.92000000000000004       0.74994821895188202       0.75000000000000000     
  0.59999999999999998       0.92000000000000004       0.74971469709814764       0.75000000000000000     
  0.64000000000000001       0.92000000000000004       0.74884613408335809       0.75000000000000000     
  0.68000000000000005       0.92000000000000004       0.74548810727184489       0.75000000000000000     
  0.71999999999999997       0.92000000000000004       0.73531155762319556       0.75000000000000000     
  0.76000000000000001       0.92000000000000004       0.70971193968801272       0.75000000000000000     
  0.80000000000000004       0.92000000000000004       0.65801373797395202       0.75000000000000000     
  0.83999999999999997       0.92000000000000004       0.58912336649289843       0.75000000000000000     
  0.88000000000000000       0.92000000000000004       0.55174098135146221       0.75000000000000000     
  0.92000000000000004       0.92000000000000004       0.52779722455035039       0.87500000000000000     
  0.95999999999999996       0.92000000000000004       0.76581169165703811        1.0000000000000000     
   1.0000000000000000       0.92000000000000004       0.50000000000000000        1.0000000000000000     
   0.0000000000000000       0.95999999999999996       0.75000000000000000       0.75000000000000000     
   4.0000000000000001E-002  0.95999999999999996       0.74999999997789091       0.75000000000000000     
   8.0000000000000002E-002  0.95999999999999996       0.74999999998726952       0.75000000000000000     
  0.12000000000000000       0.95999999999999996       0.75000000006070544       0.75000000000000000     
  0.16000000000000000       0.95999999999999996       0.75000000013085533       0.75000000000000000     
  0.20000000000000001       0.95999999999999996       0.75000000012266743       0.75000000000000000     
  0.23999999999999999       0.95999999999999996       0.75000000016791613       0.75000000000000000     
  0.28000000000000003       0.95999999999999996       0.74999999974465070       0.75000000000000000     
  0.32000000000000001       0.95999999999999996       0.75000000117910837       0.75000000000000000     
  0.35999999999999999       0.95999999999999996       0.74999999378090298       0.75000000000000000     
  0.40000000000000002       0.95999999999999996       0.75000001095460966       0.75000000000000000     
  0.44000000000000000       0.95999999999999996       0.74999986367845761       0.75000000000000000     
  0.47999999999999998       0.95999999999999996       0.74999980518847853       0.75000000000000000     
  0.52000000000000002       0.95999999999999996       0.74999624168942081       0.75000000000000000     
  0.56000000000000005       0.95999999999999996       0.74998612688910160       0.75000000000000000     
  0.59999999999999998       0.95999999999999996       0.74989782587715093       0.75000000000000000     
  0.64000000000000001       0.95999999999999996       0.74959601886658311       0.75000000000000000     
  0.68000000000000005       0.95999999999999996       0.74793017258743799       0.75000000000000000     
  0.71999999999999997       0.95999999999999996       0.74311761332458526       0.75000000000000000     
  0.76000000000000001       0.95999999999999996       0.72372195513972237       0.75000000000000000     
  0.80000000000000004       0.95999999999999996       0.68584273320577216       0.75000000000000000     
  0.83999999999999997       0.95999999999999996       0.57210620780896526       0.75000000000000000     
  0.88000000000000000       0.95999999999999996       0.47483464861869090       0.75000000000000000     
  0.92000000000000004       0.95999999999999996       0.23742695444207179       0.75000000000000000     
  0.95999999999999996       0.95999999999999996       0.20764618437965640       0.87500000000000000     
   1.0000000000000000       0.95999999999999996       0.50000000000000000        1.0000000000000000     
   0.0000000000000000        1.0000000000000000       0.75000000000000000       0.75000000000000000     
   4.0000000000000001E-002   1.0000000000000000       0.75000000000000000       0.75000000000000000     
   8.0000000000000002E-002   1.0000000000000000       0.75000000000000000       0.75000000000000000     
  0.12000000000000000        1.0000000000000000       0.75000000000000000       0.75000000000000000     
  0.16000000000000000        1.0000000000000000       0.75000000000000000       0.75000000000000000     
  0.20000000000000001        1.0000000000000000       0.75000000000000000       0.75000000000000000     
  0.23999999999999999        1.0000000000000000       0.75000000000000000       0.75000000000000000     
  0.28000000000000003        1.0000000000000000       0.75000000000000000       0.75000000000000000     
  0.32000000000000001        1.0000000000000000       0.75000000000000000       0.75000000000000000     
  0.35999999999999999        1.0000000000000000       0.75000000000000000       0.75000000000000000     
  0.40000000000000002        1.0000000000000000       0.75000000000000000       0.75000000000000000     
  0.44000000000000000        1.0000000000000000       0.75000000000000000       0.75000000000000000     
  0.47999999999999998        1.0000000000000000       0.75000000000000000       0.75000000000000000     
  0.52000000000000002        1.0000000000000000       0.75000000000000000       0.75000000000000000     
  0.56000000000000005        1.0000000000000000       0.75000000000000000       0.75000000000000000     
  0.59999999999999998        1.0000000000000000       0.75000000000000000       0.75000000000000000     
  0.64000000000000001        1.0000000000000000       0.75000000000000000       0.75000000000000000     
  0.68000000000000005        1.0000000000000000       0.75000000000000000       0.75000000000000000     
  0.71999999999999997        1.0000000000000000       0.75000000000000000       0.75000000000000000     
  0.76000000000000001        1.0000000000000000       0.75000000000000000       0.75000000000000000     
  0.80000000000000004        1.0000000000000000       0.75000000000000000       0.75000000000000000     
  0.83999999999999997        1.0000000000000000       0.75000000000000000       0.75000000000000000     
  0.88000000000000000        1.0000000000000000       0.75000000000000000       0.75000000000000000     
  0.92000000000000004        1.0000000000000000       0.75000000000000000       0.75000000000000000     
  0.95999999999999996        1.0000000000000000       0.75000000000000000       0.75000000000000000     
   1.0000000000000000        1.0000000000000000       0.62500000000000000       0.87500000000000000     
