   0.0000000000000000        0.0000000000000000       0.62500000000000000       0.87500000000000000     
   4.0000000000000001E-002   0.0000000000000000       0.50000000000000000        1.0000000000000000     
   8.0000000000000002E-002   0.0000000000000000       0.50000000000000000        1.0000000000000000     
  0.12000000000000000        0.0000000000000000       0.50000000000000000        1.0000000000000000     
  0.16000000000000000        0.0000000000000000       0.50000000000000000        1.0000000000000000     
  0.20000000000000001        0.0000000000000000       0.50000000000000000        1.0000000000000000     
  0.23999999999999999        0.0000000000000000       0.50000000000000000        1.0000000000000000     
  0.28000000000000003        0.0000000000000000       0.50000000000000000        1.0000000000000000     
  0.32000000000000001        0.0000000000000000       0.50000000000000000        1.0000000000000000     
  0.35999999999999999        0.0000000000000000       0.50000000000000000        1.0000000000000000     
  0.40000000000000002        0.0000000000000000       0.50000000000000000        1.0000000000000000     
  0.44000000000000000        0.0000000000000000       0.50000000000000000        1.0000000000000000     
  0.47999999999999998        0.0000000000000000       0.50000000000000000        1.0000000000000000     
  0.52000000000000002        0.0000000000000000       0.50000000000000000        1.0000000000000000     
  0.56000000000000005        0.0000000000000000       0.50000000000000000        1.0000000000000000     
  0.59999999999999998        0.0000000000000000       0.50000000000000000        1.0000000000000000     
  0.64000000000000001        0.0000000000000000       0.50000000000000000        1.0000000000000000     
  0.68000000000000005        0.0000000000000000       0.50000000000000000        1.0000000000000000     
  0.71999999999999997        0.0000000000000000       0.50000000000000000        1.0000000000000000     
  0.76000000000000001        0.0000000000000000       0.50000000000000000        1.0000000000000000     
  0.80000000000000004        0.0000000000000000       0.50000000000000000        1.0000000000000000     
  0.83999999999999997        0.0000000000000000       0.50000000000000000        1.0000000000000000     
  0.88000000000000000        0.0000000000000000       0.50000000000000000        1.0000000000000000     
  0.92000000000000004        0.0000000000000000       0.50000000000000000        1.0000000000000000     
  0.95999999999999996        0.0000000000000000       0.50000000000000000        1.0000000000000000     
   1.0000000000000000        0.0000000000000000       0.50000000000000000        1.0000000000000000     
   0.0000000000000000        4.0000000000000001E-002  0.75000000000000000       0.75000000000000000     
   4.0000000000000001E-002   4.0000000000000001E-002  0.58603851556984632       0.87500000000000000     
   8.0000000000000002E-002   4.0000000000000001E-002  0.52063407951142693        1.0000000000000000     
  0.12000000000000000        4.0000000000000001E-002  0.49457206989598773        1.0000000000000000     
  0.16000000000000000        4.0000000000000001E-002  0.49885752486555140        1.0000000000000000     
  0.20000000000000001        4.0000000000000001E-002  0.50397845338948510        1.0000000000000000     
  0.23999999999999999        4.0000000000000001E-002  0.49838040158860669        1.0000000000000000     
  0.28000000000000003        4.0000000000000001E-002  0.50062246545126055        1.0000000000000000     
  0.32000000000000001        4.0000000000000001E-002  0.49921947261071198        1.0000000000000000     
  0.35999999999999999        4.0000000000000001E-002  0.49974887323445988        1.0000000000000000     
  0.40000000000000002        4.0000000000000001E-002  0.49978911746252791        1.0000000000000000     
  0.44000000000000000        4.0000000000000001E-002  0.49992450979688380        1.0000000000000000     
  0.47999999999999998        4.0000000000000001E-002  0.49997043957515441        1.0000000000000000     
  0.52000000000000002        4.0000000000000001E-002  0.49999200329825982        1.0000000000000000     
  0.56000000000000005        4.0000000000000001E-002  0.49999811414751555        1.0000000000000000     
  0.59999999999999998        4.0000000000000001E-002  0.49999986168550520        1.0000000000000000     
  0.64000000000000001        4.0000000000000001E-002  0.49999963638790901        1.0000000000000000     
  0.68000000000000005        4.0000000000000001E-002  0.50000037393513630        1.0000000000000000     
  0.71999999999999997        4.0000000000000001E-002  0.49999909696602524        1.0000000000000000     
  0.76000000000000001        4.0000000000000001E-002  0.50000056011474314        1.0000000000000000     
  0.80000000000000004        4.0000000000000001E-002  0.49999912434286681        1.0000000000000000     
  0.83999999999999997        4.0000000000000001E-002  0.50000011223188479        1.0000000000000000     
  0.88000000000000000        4.0000000000000001E-002  0.49999949800446847        1.0000000000000000     
  0.92000000000000004        4.0000000000000001E-002  0.50000007641460964        1.0000000000000000     
  0.95999999999999996        4.0000000000000001E-002  0.49999926732416128        1.0000000000000000     
   1.0000000000000000        4.0000000000000001E-002  0.50000000000000000        1.0000000000000000     
   0.0000000000000000        8.0000000000000002E-002  0.75000000000000000       0.75000000000000000     
   4.0000000000000001E-002   8.0000000000000002E-002  0.65355927352751841       0.75000000000000000     
   8.0000000000000002E-002   8.0000000000000002E-002  0.56643083160064223       0.87500000000000000     
  0.12000000000000000        8.0000000000000002E-002  0.51684791506712258        1.0000000000000000     
  0.16000000000000000        8.0000000000000002E-002  0.49007145806464997        1.0000000000000000     
  0.20000000000000001        8.0000000000000002E-002  0.50075183635084075        1.0000000000000000     
  0.23999999999999999        8.0000000000000002E-002  0.50348223933022451        1.0000000000000000     
  0.28000000000000003        8.0000000000000002E-002  0.49940122475857029        1.0000000000000000     
  0.32000000000000001        8.0000000000000002E-002  0.50100650217481590        1.0000000000000000     
  0.35999999999999999        8.0000000000000002E-002  0.49945524235516736        1.0000000000000000     
  0.40000000000000002        8.0000000000000002E-002  0.49977530566921136        1.0000000000000000     
  0.44000000000000000        8.0000000000000002E-002  0.49975423403363606        1.0000000000000000     
  0.47999999999999998        8.0000000000000002E-002  0.49988227506372562        1.0000000000000000     
  0.52000000000000002        8.0000000000000002E-002  0.49994213010069871        1.0000000000000000     
  0.56000000000000005        8.0000000000000002E-002  0.49997721385249561        1.0000000000000000     
  0.59999999999999998        8.0000000000000002E-002  0.49999155210092894        1.0000000000000000     
  0.64000000000000001        8.0000000000000002E-002  0.49999806919874074        1.0000000000000000     
  0.68000000000000005        8.0000000000000002E-002  0.49999858671755909        1.0000000000000000     
  0.71999999999999997        8.0000000000000002E-002  0.50000173235963474        1.0000000000000000     
  0.76000000000000001        8.0000000000000002E-002  0.49999878981922624        1.0000000000000000     
  0.80000000000000004        8.0000000000000002E-002  0.50000195879233089        1.0000000000000000     
  0.83999999999999997        8.0000000000000002E-002  0.49999976482157454        1.0000000000000000     
  0.88000000000000000        8.0000000000000002E-002  0.50000113574926242        1.0000000000000000     
  0.92000000000000004        8.0000000000000002E-002  0.49999988977304732        1.0000000000000000     
  0.95999999999999996        8.0000000000000002E-002  0.50000163085600946        1.0000000000000000     
   1.0000000000000000        8.0000000000000002E-002  0.50000000000000000        1.0000000000000000     
   0.0000000000000000       0.12000000000000000       0.75000000000000000       0.75000000000000000     
   4.0000000000000001E-002  0.12000000000000000       0.70476486559654405       0.75000000000000000     
   8.0000000000000002E-002  0.12000000000000000       0.61169446031835217       0.75000000000000000     
  0.12000000000000000       0.12000000000000000       0.55379095765477571       0.87500000000000000     
  0.16000000000000000       0.12000000000000000       0.51086471412895518        1.0000000000000000     
  0.20000000000000001       0.12000000000000000       0.48994182642310702        1.0000000000000000     
  0.23999999999999999       0.12000000000000000       0.49959901773083781        1.0000000000000000     
  0.28000000000000003       0.12000000000000000       0.50352446389423233        1.0000000000000000     
  0.32000000000000001       0.12000000000000000       0.50000521014035393        1.0000000000000000     
  0.35999999999999999       0.12000000000000000       0.50188537027721014        1.0000000000000000     
  0.40000000000000002       0.12000000000000000       0.50019373814086221        1.0000000000000000     
  0.44000000000000000       0.12000000000000000       0.50025713431422569        1.0000000000000000     
  0.47999999999999998       0.12000000000000000       0.50001534672616754        1.0000000000000000     
  0.52000000000000002       0.12000000000000000       0.50000475568073666        1.0000000000000000     
  0.56000000000000005       0.12000000000000000       0.49999284455373028        1.0000000000000000     
  0.59999999999999998       0.12000000000000000       0.49999582963469141        1.0000000000000000     
  0.64000000000000001       0.12000000000000000       0.49999621254331639        1.0000000000000000     
  0.68000000000000005       0.12000000000000000       0.50000015103895612        1.0000000000000000     
  0.71999999999999997       0.12000000000000000       0.49999524860558486        1.0000000000000000     
  0.76000000000000001       0.12000000000000000       0.50000242654431248        1.0000000000000000     
  0.80000000000000004       0.12000000000000000       0.49999521980615785        1.0000000000000000     
  0.83999999999999997       0.12000000000000000       0.50000050621973013        1.0000000000000000     
  0.88000000000000000       0.12000000000000000       0.49999723563321447        1.0000000000000000     
  0.92000000000000004       0.12000000000000000       0.50000012786257131        1.0000000000000000     
  0.95999999999999996       0.12000000000000000       0.49999611571657693        1.0000000000000000     
   1.0000000000000000       0.12000000000000000       0.50000000000000000        1.0000000000000000     
   0.0000000000000000       0.16000000000000000       0.75000000000000000       0.75000000000000000     
   4.0000000000000001E-002  0.16000000000000000       0.74352668862975013       0.75000000000000000     
   8.0000000000000002E-002  0.16000000000000000       0.66103467718330966       0.75000000000000000     
  0.12000000000000000       0.16000000000000000       0.58475886390685206       0.75000000000000000     
  0.16000000000000000       0.16000000000000000       0.54208775897994621       0.87500000000000000     
  0.20000000000000001       0.16000000000000000       0.50941933444078502        1.0000000000000000     
  0.23999999999999999       0.16000000000000000       0.48921389827858025        1.0000000000000000     
  0.28000000000000003       0.16000000000000000       0.49856209655037848        1.0000000000000000     
  0.32000000000000001       0.16000000000000000       0.50256216557750810        1.0000000000000000     
  0.35999999999999999       0.16000000000000000       0.49955579015504420        1.0000000000000000     
  0.40000000000000002       0.16000000000000000       0.50184203477564693        1.0000000000000000     
  0.44000000000000000       0.16000000000000000       0.50031904517221737        1.0000000000000000     
  0.47999999999999998       0.16000000000000000       0.50039273581488608        1.0000000000000000     
  0.52000000000000002       0.16000000000000000       0.50010863051610399        1.0000000000000000     
  0.56000000000000005       0.16000000000000000       0.50005566437052473        1.0000000000000000     
  0.59999999999999998       0.16000000000000000       0.50001839190046538        1.0000000000000000     
  0.64000000000000001       0.16000000000000000       0.50000887726613241        1.0000000000000000     
  0.68000000000000005       0.16000000000000000       0.50000122360424926        1.0000000000000000     
  0.71999999999999997       0.16000000000000000       0.50000892011004261        1.0000000000000000     
  0.76000000000000001       0.16000000000000000       0.49999573465949121        1.0000000000000000     
  0.80000000000000004       0.16000000000000000       0.50000993338648225        1.0000000000000000     
  0.83999999999999997       0.16000000000000000       0.49999911596812097        1.0000000000000000     
  0.88000000000000000       0.16000000000000000       0.50000585217215421        1.0000000000000000     
  0.92000000000000004       0.16000000000000000       0.50000015397799469        1.0000000000000000     
  0.95999999999999996       0.16000000000000000       0.50000798173012340        1.0000000000000000     
   1.0000000000000000       0.16000000000000000       0.50000000000000000        1.0000000000000000     
   0.0000000000000000       0.20000000000000001       0.75000000000000000       0.75000000000000000     
   4.0000000000000001E-002  0.20000000000000001       0.76452603347441306       0.75000000000000000     
   8.0000000000000002E-002  0.20000000000000001       0.71504728672831386       0.75000000000000000     
  0.12000000000000000       0.20000000000000001       0.62567840564941013       0.75000000000000000     
  0.16000000000000000       0.20000000000000001       0.56222918740601779       0.75000000000000000     
  0.20000000000000001       0.20000000000000001       0.53546847641408823       0.87500000000000000     
  0.23999999999999999       0.20000000000000001       0.50892895251039361        1.0000000000000000     
  0.28000000000000003       0.20000000000000001       0.48893571742035935        1.0000000000000000     
  0.32000000000000001       0.20000000000000001       0.49716047394867802        1.0000000000000000     
  0.35999999999999999       0.20000000000000001       0.50079162547194733        1.0000000000000000     
  0.40000000000000002       0.20000000000000001       0.49813009060943519        1.0000000000000000     
  0.44000000000000000       0.20000000000000001       0.50095566348545673        1.0000000000000000     
  0.47999999999999998       0.20000000000000001       0.49985954879858174        1.0000000000000000     
  0.52000000000000002       0.20000000000000001       0.50018207624083777        1.0000000000000000     
  0.56000000000000005       0.20000000000000001       0.50002356637829459        1.0000000000000000     
  0.59999999999999998       0.20000000000000001       0.50001759551939606        1.0000000000000000     
  0.64000000000000001       0.20000000000000001       0.50000369526009758        1.0000000000000000     
  0.68000000000000005       0.20000000000000001       0.49999864391079396        1.0000000000000000     
  0.71999999999999997       0.20000000000000001       0.49998910505394784        1.0000000000000000     
  0.76000000000000001       0.20000000000000001       0.50000495057670846        1.0000000000000000     
  0.80000000000000004       0.20000000000000001       0.49998309653175510        1.0000000000000000     
  0.83999999999999997       0.20000000000000001       0.50000079675984588        1.0000000000000000     
  0.88000000000000000       0.20000000000000001       0.49998964041432714        1.0000000000000000     
  0.92000000000000004       0.20000000000000001       0.49999847338311809        1.0000000000000000     
  0.95999999999999996       0.20000000000000001       0.49998652424338169        1.0000000000000000     
   1.0000000000000000       0.20000000000000001       0.50000000000000000        1.0000000000000000     
   0.0000000000000000       0.23999999999999999       0.75000000000000000       0.75000000000000000     
   4.0000000000000001E-002  0.23999999999999999       0.76683570286764313       0.75000000000000000     
   8.0000000000000002E-002  0.23999999999999999       0.75617661798940028       0.75000000000000000     
  0.12000000000000000       0.23999999999999999       0.68376326935499288       0.75000000000000000     
  0.16000000000000000       0.23999999999999999       0.59400286393032986       0.75000000000000000     
  0.20000000000000001       0.23999999999999999       0.54542359082665903       0.75000000000000000     
  0.23999999999999999       0.23999999999999999       0.53101708460772534       0.87500000000000000     
  0.28000000000000003       0.23999999999999999       0.50934640926953878        1.0000000000000000     
  0.32000000000000001       0.23999999999999999       0.48952714656588864        1.0000000000000000     
  0.35999999999999999       0.23999999999999999       0.49681919136449865        1.0000000000000000     
  0.40000000000000002       0.23999999999999999       0.49996311650759606        1.0000000000000000     
  0.44000000000000000       0.23999999999999999       0.49734924447312601        1.0000000000000000     
  0.47999999999999998       0.23999999999999999       0.50042833256451702        1.0000000000000000     
  0.52000000000000002       0.23999999999999999       0.49957907321652079        1.0000000000000000     
  0.56000000000000005       0.23999999999999999       0.50004546272196426        1.0000000000000000     
  0.59999999999999998       0.23999999999999999       0.49998608565819191        1.0000000000000000     
  0.64000000000000001       0.23999999999999999       0.49999421169987479        1.0000000000000000     
  0.68000000000000005       0.23999999999999999       0.50002009918295665        1.0000000000000000     
  0.71999999999999997       0.23999999999999999       0.50000214866438852        1.0000000000000000     
  0.76000000000000001       0.23999999999999999       0.50000557146296609        1.0000000000000000     
  0.80000000000000004       0.23999999999999999       0.50001787286416244        1.0000000000000000     
  0.83999999999999997       0.23999999999999999       0.50000271702179566        1.0000000000000000     
  0.88000000000000000       0.23999999999999999       0.50001215459295345        1.0000000000000000     
  0.92000000000000004       0.23999999999999999       0.50000609289035991        1.0000000000000000     
  0.95999999999999996       0.23999999999999999       0.50001402782643722        1.0000000000000000     
   1.0000000000000000       0.23999999999999999       0.50000000000000000        1.0000000000000000     
   0.0000000000000000       0.28000000000000003       0.75000000000000000       0.75000000000000000     
   4.0000000000000001E-002  0.28000000000000003       0.75895674248972411       0.75000000000000000     
   8.0000000000000002E-002  0.28000000000000003       0.77220698286108125       0.75000000000000000     
  0.12000000000000000       0.28000000000000003       0.73797965240913432       0.75000000000000000     
  0.16000000000000000       0.28000000000000003       0.65122255953692920       0.75000000000000000     
  0.20000000000000001       0.28000000000000003       0.56707458940115696       0.75000000000000000     
  0.23999999999999999       0.28000000000000003       0.53222832102969242       0.75000000000000000     
  0.28000000000000003       0.28000000000000003       0.52838331132871130       0.87500000000000000     
  0.32000000000000001       0.28000000000000003       0.51118440796315312        1.0000000000000000     
  0.35999999999999999       0.28000000000000003       0.49188914529270783        1.0000000000000000     
  0.40000000000000002       0.28000000000000003       0.49836200207235715        1.0000000000000000     
  0.44000000000000000       0.28000000000000003       0.50069148172252587        1.0000000000000000     
  0.47999999999999998       0.28000000000000003       0.49761959829968905        1.0000000000000000     
  0.52000000000000002       0.28000000000000003       0.50048288967604360        1.0000000000000000     
  0.56000000000000005       0.28000000000000003       0.49960111437645893        1.0000000000000000     
  0.59999999999999998       0.28000000000000003       0.49999748301855468        1.0000000000000000     
  0.64000000000000001       0.28000000000000003       0.50001672971517797        1.0000000000000000     
  0.68000000000000005       0.28000000000000003       0.49992479617609481        1.0000000000000000     
  0.71999999999999997       0.28000000000000003       0.50005682790744133        1.0000000000000000     
  0.76000000000000001       0.28000000000000003       0.49994498632499501        1.0000000000000000     
  0.80000000000000004       0.28000000000000003       0.50001996635909374        1.0000000000000000     
  0.83999999999999997       0.28000000000000003       0.49997997993300936        1.0000000000000000     
  0.88000000000000000       0.28000000000000003       0.50000701785466939        1.0000000000000000     
  0.92000000000000004       0.28000000000000003       0.49998150375947353        1.0000000000000000     
  0.95999999999999996       0.28000000000000003       0.50001489895043838        1.0000000000000000     
   1.0000000000000000       0.28000000000000003       0.50000000000000000        1.0000000000000000     
   0.0000000000000000       0.32000000000000001       0.75000000000000000       0.75000000000000000     
   4.0000000000000001E-002  0.32000000000000001       0.75075566913779734       0.75000000000000000     
   8.0000000000000002E-002  0.32000000000000001       0.76841389858202036       0.75000000000000000     
  0.12000000000000000       0.32000000000000001       0.76788385377842272       0.75000000000000000     
  0.16000000000000000       0.32000000000000001       0.71327469865056081       0.75000000000000000     
  0.20000000000000001       0.32000000000000001       0.62038360261463421       0.75000000000000000     
  0.23999999999999999       0.32000000000000001       0.54462802480625727       0.75000000000000000     
  0.28000000000000003       0.32000000000000001       0.52219160647608609       0.75000000000000000     
  0.32000000000000001       0.32000000000000001       0.52707801535288556       0.87500000000000000     
  0.35999999999999999       0.32000000000000001       0.51351447692510599        1.0000000000000000     
  0.40000000000000002       0.32000000000000001       0.49461113067392054        1.0000000000000000     
  0.44000000000000000       0.32000000000000001       0.50029901015705236        1.0000000000000000     
  0.47999999999999998       0.32000000000000001       0.50175661165325924        1.0000000000000000     
  0.52000000000000002       0.32000000000000001       0.49815914726688315        1.0000000000000000     
  0.56000000000000005       0.32000000000000001       0.50064055071449276        1.0000000000000000     
  0.59999999999999998       0.32000000000000001       0.49976807835991588        1.0000000000000000     
  0.64000000000000001       0.32000000000000001       0.49988398363956277        1.0000000000000000     
  0.68000000000000005       0.32000000000000001       0.50018980371010002        1.0000000000000000     
  0.71999999999999997       0.32000000000000001       0.49973207959661969        1.0000000000000000     
  0.76000000000000001       0.32000000000000001       0.50021340309425211        1.0000000000000000     
  0.80000000000000004       0.32000000000000001       0.49980622051904178        1.0000000000000000     
  0.83999999999999997       0.32000000000000001       0.50008253938266312        1.0000000000000000     
  0.88000000000000000       0.32000000000000001       0.49989543371557271        1.0000000000000000     
  0.92000000000000004       0.32000000000000001       0.50004769201818888        1.0000000000000000     
  0.95999999999999996       0.32000000000000001       0.49985659327572712        1.0000000000000000     
   1.0000000000000000       0.32000000000000001       0.50000000000000000        1.0000000000000000     
   0.0000000000000000       0.35999999999999999       0.75000000000000000       0.75000000000000000     
   4.0000000000000001E-002  0.35999999999999999       0.74678345186607598       0.75000000000000000     
   8.0000000000000002E-002  0.35999999999999999       0.75783692623446641       0.75000000000000000     
  0.12000000000000000       0.35999999999999999       0.77289851619008498       0.75000000000000000     
  0.16000000000000000       0.35999999999999999       0.75497711150284053       0.75000000000000000     
  0.20000000000000001       0.35999999999999999       0.68650992740213945       0.75000000000000000     
  0.23999999999999999       0.35999999999999999       0.59317067412141233       0.75000000000000000     
  0.28000000000000003       0.35999999999999999       0.52617912819682700       0.75000000000000000     
  0.32000000000000001       0.35999999999999999       0.51357634514070793       0.75000000000000000     
  0.35999999999999999       0.35999999999999999       0.52490828213626439       0.87500000000000000     
  0.40000000000000002       0.35999999999999999       0.51414390087063233        1.0000000000000000     
  0.44000000000000000       0.35999999999999999       0.49581620334481691        1.0000000000000000     
  0.47999999999999998       0.35999999999999999       0.50129335973176703        1.0000000000000000     
  0.52000000000000002       0.35999999999999999       0.50228975882959714        1.0000000000000000     
  0.56000000000000005       0.35999999999999999       0.49861535237295063        1.0000000000000000     
  0.59999999999999998       0.35999999999999999       0.50062305408341934        1.0000000000000000     
  0.64000000000000001       0.35999999999999999       0.50023773460070176        1.0000000000000000     
  0.68000000000000005       0.35999999999999999       0.49955484644138032        1.0000000000000000     
  0.71999999999999997       0.35999999999999999       0.50082699660495067        1.0000000000000000     
  0.76000000000000001       0.35999999999999999       0.49936662243836449        1.0000000000000000     
  0.80000000000000004       0.35999999999999999       0.50073888815063761        1.0000000000000000     
  0.83999999999999997       0.35999999999999999       0.49972659085310200        1.0000000000000000     
  0.88000000000000000       0.35999999999999999       0.50043004526269608        1.0000000000000000     
  0.92000000000000004       0.35999999999999999       0.49989065895598750        1.0000000000000000     
  0.95999999999999996       0.35999999999999999       0.50053624650020190        1.0000000000000000     
   1.0000000000000000       0.35999999999999999       0.50000000000000000        1.0000000000000000     
   0.0000000000000000       0.40000000000000002       0.75000000000000000       0.75000000000000000     
   4.0000000000000001E-002  0.40000000000000002       0.74656272981158578       0.75000000000000000     
   8.0000000000000002E-002  0.40000000000000002       0.74963644871920743       0.75000000000000000     
  0.12000000000000000       0.40000000000000002       0.76515444067408944       0.75000000000000000     
  0.16000000000000000       0.40000000000000002       0.77044065881229262       0.75000000000000000     
  0.20000000000000001       0.40000000000000002       0.73705574555700915       0.75000000000000000     
  0.23999999999999999       0.40000000000000002       0.66020131653339842       0.75000000000000000     
  0.28000000000000003       0.40000000000000002       0.56864435333505470       0.75000000000000000     
  0.32000000000000001       0.40000000000000002       0.50894595714401658       0.75000000000000000     
  0.35999999999999999       0.40000000000000002       0.50383008503919735       0.75000000000000000     
  0.40000000000000002       0.40000000000000002       0.52028759098520505       0.87500000000000000     
  0.44000000000000000       0.40000000000000002       0.51225191214243027        1.0000000000000000     
  0.47999999999999998       0.40000000000000002       0.49498956636242136        1.0000000000000000     
  0.52000000000000002       0.40000000000000002       0.50102970553251169        1.0000000000000000     
  0.56000000000000005       0.40000000000000002       0.50174260241987900        1.0000000000000000     
  0.59999999999999998       0.40000000000000002       0.49873872862073981        1.0000000000000000     
  0.64000000000000001       0.40000000000000002       0.49956244661284033        1.0000000000000000     
  0.68000000000000005       0.40000000000000002       0.50085124035292061        1.0000000000000000     
  0.71999999999999997       0.40000000000000002       0.49791242836982202        1.0000000000000000     
  0.76000000000000001       0.40000000000000002       0.50157265054141120        1.0000000000000000     
  0.80000000000000004       0.40000000000000002       0.49785964479932854        1.0000000000000000     
  0.83999999999999997       0.40000000000000002       0.50078396049727025        1.0000000000000000     
  0.88000000000000000       0.40000000000000002       0.49867923495104222        1.0000000000000000     
  0.92000000000000004       0.40000000000000002       0.50023123264402769        1.0000000000000000     
  0.95999999999999996       0.40000000000000002       0.49847866636585281        1.0000000000000000     
   1.0000000000000000       0.40000000000000002       0.50000000000000000        1.0000000000000000     
   0.0000000000000000       0.44000000000000000       0.75000000000000000       0.75000000000000000     
   4.0000000000000001E-002  0.44000000000000000       0.74795525326775825       0.75000000000000000     
   8.0000000000000002E-002  0.44000000000000000       0.74618013393779936       0.75000000000000000     
  0.12000000000000000       0.44000000000000000       0.75575242000697362       0.75000000000000000     
  0.16000000000000000       0.44000000000000000       0.76885746846674830       0.75000000000000000     
  0.20000000000000001       0.44000000000000000       0.76193459747940695       0.75000000000000000     
  0.23999999999999999       0.44000000000000000       0.71667345890963230       0.75000000000000000     
  0.28000000000000003       0.44000000000000000       0.63573236997567861       0.75000000000000000     
  0.32000000000000001       0.44000000000000000       0.54759900593457800       0.75000000000000000     
  0.35999999999999999       0.44000000000000000       0.49453317922379103       0.75000000000000000     
  0.40000000000000002       0.44000000000000000       0.49562222891051522       0.75000000000000000     
  0.44000000000000000       0.44000000000000000       0.51635034307735028       0.87500000000000000     
  0.47999999999999998       0.44000000000000000       0.51100644886842383        1.0000000000000000     
  0.52000000000000002       0.44000000000000000       0.49474882857864266        1.0000000000000000     
  0.56000000000000005       0.44000000000000000       0.50199663093097524        1.0000000000000000     
  0.59999999999999998       0.44000000000000000       0.50176453044702640        1.0000000000000000     
  0.64000000000000001       0.44000000000000000       0.50104193619720239        1.0000000000000000     
  0.68000000000000005       0.44000000000000000       0.49870387218124757        1.0000000000000000     
  0.71999999999999997       0.44000000000000000       0.50451284522797668        1.0000000000000000     
  0.76000000000000001       0.44000000000000000       0.49663773726539168        1.0000000000000000     
  0.80000000000000004       0.44000000000000000       0.50522481844111322        1.0000000000000000     
  0.83999999999999997       0.44000000000000000       0.49800734877879216        1.0000000000000000     
  0.88000000000000000       0.44000000000000000       0.50344000721495674        1.0000000000000000     
  0.92000000000000004       0.44000000000000000       0.49952583896317543        1.0000000000000000     
  0.95999999999999996       0.44000000000000000       0.50365054177459423        1.0000000000000000     
   1.0000000000000000       0.44000000000000000       0.50000000000000000        1.0000000000000000     
   0.0000000000000000       0.47999999999999998       0.75000000000000000       0.75000000000000000     
   4.0000000000000001E-002  0.47999999999999998       0.74927813299183132       0.75000000000000000     
   8.0000000000000002E-002  0.47999999999999998       0.74601853638000037       0.75000000000000000     
  0.12000000000000000       0.47999999999999998       0.74996559300953047       0.75000000000000000     
  0.16000000000000000       0.47999999999999998       0.76192680472202046       0.75000000000000000     
  0.20000000000000001       0.47999999999999998       0.76732049871758456       0.75000000000000000     
  0.23999999999999999       0.47999999999999998       0.74795349380401577       0.75000000000000000     
  0.28000000000000003       0.47999999999999998       0.69416530137666788       0.75000000000000000     
  0.32000000000000001       0.47999999999999998       0.61198949040448203       0.75000000000000000     
  0.35999999999999999       0.47999999999999998       0.52792325275922702       0.75000000000000000     
  0.40000000000000002       0.47999999999999998       0.48067699229702326       0.75000000000000000     
  0.44000000000000000       0.47999999999999998       0.48702081936024416       0.75000000000000000     
  0.47999999999999998       0.47999999999999998       0.51101763870419481       0.87500000000000000     
  0.52000000000000002       0.47999999999999998       0.50783508031960689        1.0000000000000000     
  0.56000000000000005       0.47999999999999998       0.49137060374651426        1.0000000000000000     
  0.59999999999999998       0.47999999999999998       0.50079933662436549        1.0000000000000000     
  0.64000000000000001       0.47999999999999998       0.49716814420973804        1.0000000000000000     
  0.68000000000000005       0.47999999999999998       0.50167128791814386        1.0000000000000000     
  0.71999999999999997       0.47999999999999998       0.49154759278258198        1.0000000000000000     
  0.76000000000000001       0.47999999999999998       0.50620732248313427        1.0000000000000000     
  0.80000000000000004       0.47999999999999998       0.48888999322712506        1.0000000000000000     
  0.83999999999999997       0.47999999999999998       0.50453434220078852        1.0000000000000000     
  0.88000000000000000       0.47999999999999998       0.49207043051999061        1.0000000000000000     
  0.92000000000000004       0.47999999999999998       0.50099749445740382        1.0000000000000000     
  0.95999999999999996       0.47999999999999998       0.49229924918262019        1.0000000000000000     
   1.0000000000000000       0.47999999999999998       0.50000000000000000        1.0000000000000000     
   0.0000000000000000       0.52000000000000002       0.75000000000000000       0.75000000000000000     
   4.0000000000000001E-002  0.52000000000000002       0.75009155074451728       0.75000000000000000     
   8.0000000000000002E-002  0.52000000000000002       0.74725487777702149       0.75000000000000000     
  0.12000000000000000       0.52000000000000002       0.74765219135371963       0.75000000000000000     
  0.16000000000000000       0.52000000000000002       0.75536963062473395       0.75000000000000000     
  0.20000000000000001       0.52000000000000002       0.76354798243821254       0.75000000000000000     
  0.23999999999999999       0.52000000000000002       0.75944088125020714       0.75000000000000000     
  0.28000000000000003       0.52000000000000002       0.73220389568398137       0.75000000000000000     
  0.32000000000000001       0.52000000000000002       0.67670437741565859       0.75000000000000000     
  0.35999999999999999       0.52000000000000002       0.59827833562705091       0.75000000000000000     
  0.40000000000000002       0.52000000000000002       0.52016122608754256       0.75000000000000000     
  0.44000000000000000       0.52000000000000002       0.47793059057833592       0.75000000000000000     
  0.47999999999999998       0.52000000000000002       0.48762304125719735       0.75000000000000000     
  0.52000000000000002       0.52000000000000002       0.51282053863294130       0.87500000000000000     
  0.56000000000000005       0.52000000000000002       0.51216776682647480        1.0000000000000000     
  0.59999999999999998       0.52000000000000002       0.49408595690462592        1.0000000000000000     
  0.64000000000000001       0.52000000000000002       0.50855965680494442        1.0000000000000000     
  0.68000000000000005       0.52000000000000002       0.49781414255703965        1.0000000000000000     
  0.71999999999999997       0.52000000000000002       0.51407168401325809        1.0000000000000000     
  0.76000000000000001       0.52000000000000002       0.49023565718884426        1.0000000000000000     
  0.80000000000000004       0.52000000000000002       0.52073083314971824        1.0000000000000000     
  0.83999999999999997       0.52000000000000002       0.49086317452363920        1.0000000000000000     
  0.88000000000000000       0.52000000000000002       0.51638127777018394        1.0000000000000000     
  0.92000000000000004       0.52000000000000002       0.49777057296391852        1.0000000000000000     
  0.95999999999999996       0.52000000000000002       0.51453912757813514        1.0000000000000000     
   1.0000000000000000       0.52000000000000002       0.50000000000000000        1.0000000000000000     
   0.0000000000000000       0.56000000000000005       0.75000000000000000       0.75000000000000000     
   4.0000000000000001E-002  0.56000000000000005       0.75031697639520833       0.75000000000000000     
   8.0000000000000002E-002  0.56000000000000005       0.74836915652734393       0.75000000000000000     
  0.12000000000000000       0.56000000000000005       0.74760664321659032       0.75000000000000000     
  0.16000000000000000       0.56000000000000005       0.75196565043265640       0.75000000000000000     
  0.20000000000000001       0.56000000000000005       0.75858330440831145       0.75000000000000000     
  0.23999999999999999       0.56000000000000005       0.75980296807555048       0.75000000000000000     
  0.28000000000000003       0.56000000000000005       0.74795801243836402       0.75000000000000000     
  0.32000000000000001       0.56000000000000005       0.71649966111158514       0.75000000000000000     
  0.35999999999999999       0.56000000000000005       0.66064456048842690       0.75000000000000000     
  0.40000000000000002       0.56000000000000005       0.58368511403268997       0.75000000000000000     
  0.44000000000000000       0.56000000000000005       0.50737803342386467       0.75000000000000000     
  0.47999999999999998       0.56000000000000005       0.46667102087566015       0.75000000000000000     
  0.52000000000000002       0.56000000000000005       0.47863257881746130       0.75000000000000000     
  0.56000000000000005       0.56000000000000005       0.50372228874797353       0.87500000000000000     
  0.59999999999999998       0.56000000000000005       0.50518108779383752        1.0000000000000000     
  0.64000000000000001       0.56000000000000005       0.48151043991124909        1.0000000000000000     
  0.68000000000000005       0.56000000000000005       0.50391110845016263        1.0000000000000000     
  0.71999999999999997       0.56000000000000005       0.47888126013219623        1.0000000000000000     
  0.76000000000000001       0.56000000000000005       0.51257792758295073        1.0000000000000000     
  0.80000000000000004       0.56000000000000005       0.46599640861242309        1.0000000000000000     
  0.83999999999999997       0.56000000000000005       0.51633997150344990        1.0000000000000000     
  0.88000000000000000       0.56000000000000005       0.46924767805892142        1.0000000000000000     
  0.92000000000000004       0.56000000000000005       0.50519581730641216        1.0000000000000000     
  0.95999999999999996       0.56000000000000005       0.47498196537124060        1.0000000000000000     
   1.0000000000000000       0.56000000000000005       0.50000000000000000        1.0000000000000000     
   0.0000000000000000       0.59999999999999998       0.75000000000000000       0.75000000000000000     
   4.0000000000000001E-002  0.59999999999999998       0.75033085369244312       0.75000000000000000     
   8.0000000000000002E-002  0.59999999999999998       0.74929358548168556       0.75000000000000000     
  0.12000000000000000       0.59999999999999998       0.74826925915890663       0.75000000000000000     
  0.16000000000000000       0.59999999999999998       0.75011073125970817       0.75000000000000000     
  0.20000000000000001       0.59999999999999998       0.75423370959439473       0.75000000000000000     
  0.23999999999999999       0.59999999999999998       0.75676200461146670       0.75000000000000000     
  0.28000000000000003       0.59999999999999998       0.75331336914347413       0.75000000000000000     
  0.32000000000000001       0.59999999999999998       0.73957345134163099       0.75000000000000000     
  0.35999999999999999       0.59999999999999998       0.70990517726054436       0.75000000000000000     
  0.40000000000000002       0.59999999999999998       0.65863261321657485       0.75000000000000000     
  0.44000000000000000       0.59999999999999998       0.58743891565664885       0.75000000000000000     
  0.47999999999999998       0.59999999999999998       0.51666375555648125       0.75000000000000000     
  0.52000000000000002       0.59999999999999998       0.47887985419889334       0.75000000000000000     
  0.56000000000000005       0.59999999999999998       0.49260201084782673       0.75000000000000000     
  0.59999999999999998       0.59999999999999998       0.51586479174405531       0.87500000000000000     
  0.64000000000000001       0.59999999999999998       0.52315752951255401        1.0000000000000000     
  0.68000000000000005       0.59999999999999998       0.49343020487157752        1.0000000000000000     
  0.71999999999999997       0.59999999999999998       0.53051494094061735        1.0000000000000000     
  0.76000000000000001       0.59999999999999998       0.48673896812548934        1.0000000000000000     
  0.80000000000000004       0.59999999999999998       0.54871751147308956        1.0000000000000000     
  0.83999999999999997       0.59999999999999998       0.47512022670326404        1.0000000000000000     
  0.88000000000000000       0.59999999999999998       0.55147049345426113        1.0000000000000000     
  0.92000000000000004       0.59999999999999998       0.48849161819548331        1.0000000000000000     
  0.95999999999999996       0.59999999999999998       0.53967706243251490        1.0000000000000000     
   1.0000000000000000       0.59999999999999998       0.50000000000000000        1.0000000000000000     
   0.0000000000000000       0.64000000000000001       0.75000000000000000       0.75000000000000000     
   4.0000000000000001E-002  0.64000000000000001       0.75021712061382861       0.75000000000000000     
   8.0000000000000002E-002  0.64000000000000001       0.74965177001909622       0.75000000000000000     
  0.12000000000000000       0.64000000000000001       0.74895299934713910       0.75000000000000000     
  0.16000000000000000       0.64000000000000001       0.74982387546084550       0.75000000000000000     
  0.20000000000000001       0.64000000000000001       0.75215311496067294       0.75000000000000000     
  0.23999999999999999       0.64000000000000001       0.75396581257931805       0.75000000000000000     
  0.28000000000000003       0.64000000000000001       0.75303139194197877       0.75000000000000000     
  0.32000000000000001       0.64000000000000001       0.74708191014340497       0.75000000000000000     
  0.35999999999999999       0.64000000000000001       0.73223138973642243       0.75000000000000000     
  0.40000000000000002       0.64000000000000001       0.70166537720963729       0.75000000000000000     
  0.44000000000000000       0.64000000000000001       0.64815491153216309       0.75000000000000000     
  0.47999999999999998       0.64000000000000001       0.57284624144014984       0.75000000000000000     
  0.52000000000000002       0.64000000000000001       0.49720927528998632       0.75000000000000000     
  0.56000000000000005       0.64000000000000001       0.45627948673095292       0.75000000000000000     
  0.59999999999999998       0.64000000000000001       0.46967232144082227       0.75000000000000000     
  0.64000000000000001       0.64000000000000001       0.49192492258487497       0.87500000000000000     
  0.68000000000000005       0.64000000000000001       0.49943386322688715        1.0000000000000000     
  0.71999999999999997       0.64000000000000001       0.46021535692810672        1.0000000000000000     
  0.76000000000000001       0.64000000000000001       0.50901914952462080        1.0000000000000000     
  0.80000000000000004       0.64000000000000001       0.43967468401779725        1.0000000000000000     
  0.83999999999999997       0.64000000000000001       0.53170377538054481        1.0000000000000000     
  0.88000000000000000       0.64000000000000001       0.42154642954559662        1.0000000000000000     
  0.92000000000000004       0.64000000000000001       0.52431042636610525        1.0000000000000000     
  0.95999999999999996       0.64000000000000001       0.43941886466999791        1.0000000000000000     
   1.0000000000000000       0.64000000000000001       0.50000000000000000        1.0000000000000000     
   0.0000000000000000       0.68000000000000005       0.75000000000000000       0.75000000000000000     
   4.0000000000000001E-002  0.68000000000000005       0.75013037497974244       0.75000000000000000     
   8.0000000000000002E-002  0.68000000000000005       0.74991781454638551       0.75000000000000000     
  0.12000000000000000       0.68000000000000005       0.74947417899614399       0.75000000000000000     
  0.16000000000000000       0.68000000000000005       0.74968513869107145       0.75000000000000000     
  0.20000000000000001       0.68000000000000005       0.75075686248714468       0.75000000000000000     
  0.23999999999999999       0.68000000000000005       0.75188422934647414       0.75000000000000000     
  0.28000000000000003       0.68000000000000005       0.75202511950231177       0.75000000000000000     
  0.32000000000000001       0.68000000000000005       0.75022249840879141       0.75000000000000000     
  0.35999999999999999       0.68000000000000005       0.74481414418452552       0.75000000000000000     
  0.40000000000000002       0.68000000000000005       0.73204365277422645       0.75000000000000000     
  0.44000000000000000       0.68000000000000005       0.70539757500645739       0.75000000000000000     
  0.47999999999999998       0.68000000000000005       0.65817567187447013       0.75000000000000000     
  0.52000000000000002       0.68000000000000005       0.59160825375068127       0.75000000000000000     
  0.56000000000000005       0.68000000000000005       0.52509901129862446       0.75000000000000000     
  0.59999999999999998       0.68000000000000005       0.49059009705706602       0.75000000000000000     
  0.64000000000000001       0.68000000000000005       0.50566431372198473       0.75000000000000000     
  0.68000000000000005       0.68000000000000005       0.52705025627705326       0.87500000000000000     
  0.71999999999999997       0.68000000000000005       0.54171409277937443        1.0000000000000000     
  0.76000000000000001       0.68000000000000005       0.49700015721094598        1.0000000000000000     
  0.80000000000000004       0.68000000000000005       0.56784621302185601        1.0000000000000000     
  0.83999999999999997       0.68000000000000005       0.46803546482922986        1.0000000000000000     
  0.88000000000000000       0.68000000000000005       0.60304039527125031        1.0000000000000000     
  0.92000000000000004       0.68000000000000005       0.45836472887221902        1.0000000000000000     
  0.95999999999999996       0.68000000000000005       0.58780610123263288        1.0000000000000000     
   1.0000000000000000       0.68000000000000005       0.50000000000000000        1.0000000000000000     
   0.0000000000000000       0.71999999999999997       0.75000000000000000       0.75000000000000000     
   4.0000000000000001E-002  0.71999999999999997       0.75006473869822066       0.75000000000000000     
   8.0000000000000002E-002  0.71999999999999997       0.74995257371223945       0.75000000000000000     
  0.12000000000000000       0.71999999999999997       0.74973416685943117       0.75000000000000000     
  0.16000000000000000       0.71999999999999997       0.74984741736389526       0.75000000000000000     
  0.20000000000000001       0.71999999999999997       0.75037605642384242       0.75000000000000000     
  0.23999999999999999       0.71999999999999997       0.75092849677350815       0.75000000000000000     
  0.28000000000000003       0.71999999999999997       0.75104465744323512       0.75000000000000000     
  0.32000000000000001       0.71999999999999997       0.75034206191990316       0.75000000000000000     
  0.35999999999999999       0.71999999999999997       0.74805158053454945       0.75000000000000000     
  0.40000000000000002       0.71999999999999997       0.74202616901500329       0.75000000000000000     
  0.44000000000000000       0.71999999999999997       0.72740017936543266       0.75000000000000000     
  0.47999999999999998       0.71999999999999997       0.69632437825441884       0.75000000000000000     
  0.52000000000000002       0.71999999999999997       0.64036908582906105       0.75000000000000000     
  0.56000000000000005       0.71999999999999997       0.56208263794394775       0.75000000000000000     
  0.59999999999999998       0.71999999999999997       0.48132598813404165       0.75000000000000000     
  0.64000000000000001       0.71999999999999997       0.44173458435007851       0.75000000000000000     
  0.68000000000000005       0.71999999999999997       0.44977428628910099       0.75000000000000000     
  0.71999999999999997       0.71999999999999997       0.47921124718008573       0.87500000000000000     
  0.76000000000000001       0.71999999999999997       0.48051454266836308        1.0000000000000000     
  0.80000000000000004       0.71999999999999997       0.43673687282279999        1.0000000000000000     
  0.83999999999999997       0.71999999999999997       0.51674285098796335        1.0000000000000000     
  0.88000000000000000       0.71999999999999997       0.38080337259049440        1.0000000000000000     
  0.92000000000000004       0.71999999999999997       0.56471780220697176        1.0000000000000000     
  0.95999999999999996       0.71999999999999997       0.36608344342143362        1.0000000000000000     
   1.0000000000000000       0.71999999999999997       0.50000000000000000        1.0000000000000000     
   0.0000000000000000       0.76000000000000001       0.75000000000000000       0.75000000000000000     
   4.0000000000000001E-002  0.76000000000000001       0.75002971934797069       0.75000000000000000     
   8.0000000000000002E-002  0.76000000000000001       0.75000289982779400       0.75000000000000000     
  0.12000000000000000       0.76000000000000001       0.74989746698417037       0.75000000000000000     
  0.16000000000000000       0.76000000000000001       0.74989328180762027       0.75000000000000000     
  0.20000000000000001       0.76000000000000001       0.75008324699179996       0.75000000000000000     
  0.23999999999999999       0.76000000000000001       0.75034354476978671       0.75000000000000000     
  0.28000000000000003       0.76000000000000001       0.75047886618022763       0.75000000000000000     
  0.32000000000000001       0.76000000000000001       0.75034969027749687       0.75000000000000000     
  0.35999999999999999       0.76000000000000001       0.74973880236657886       0.75000000000000000     
  0.40000000000000002       0.76000000000000001       0.74801368508849386       0.75000000000000000     
  0.44000000000000000       0.76000000000000001       0.74329386919237339       0.75000000000000000     
  0.47999999999999998       0.76000000000000001       0.73182623519956946       0.75000000000000000     
  0.52000000000000002       0.76000000000000001       0.70702985870853496       0.75000000000000000     
  0.56000000000000005       0.76000000000000001       0.66323370186315156       0.75000000000000000     
  0.59999999999999998       0.76000000000000001       0.60156284839501706       0.75000000000000000     
  0.64000000000000001       0.76000000000000001       0.54082694471149062       0.75000000000000000     
  0.68000000000000005       0.76000000000000001       0.51199134023607307       0.75000000000000000     
  0.71999999999999997       0.76000000000000001       0.52453486026402885       0.75000000000000000     
  0.76000000000000001       0.76000000000000001       0.54496376672357227       0.87500000000000000     
  0.80000000000000004       0.76000000000000001       0.55981358921960356        1.0000000000000000     
  0.83999999999999997       0.76000000000000001       0.49694656999420955        1.0000000000000000     
  0.88000000000000000       0.76000000000000001       0.62098055310236144        1.0000000000000000     
  0.92000000000000004       0.76000000000000001       0.42929574670305332        1.0000000000000000     
  0.95999999999999996       0.76000000000000001       0.67918074990702604        1.0000000000000000     
   1.0000000000000000       0.76000000000000001       0.50000000000000000        1.0000000000000000     
   0.0000000000000000       0.80000000000000004       0.75000000000000000       0.75000000000000000     
   4.0000000000000001E-002  0.80000000000000004       0.75001265282013918       0.75000000000000000     
   8.0000000000000002E-002  0.80000000000000004       0.74999521076131992       0.75000000000000000     
  0.12000000000000000       0.80000000000000004       0.74995173543896665       0.75000000000000000     
  0.16000000000000000       0.80000000000000004       0.74996259427712564       0.75000000000000000     
  0.20000000000000001       0.80000000000000004       0.75005311662662688       0.75000000000000000     
  0.23999999999999999       0.80000000000000004       0.75015979813515588       0.75000000000000000     
  0.28000000000000003       0.80000000000000004       0.75020696493765493       0.75000000000000000     
  0.32000000000000001       0.80000000000000004       0.75014366820782896       0.75000000000000000     
  0.35999999999999999       0.80000000000000004       0.74989279461069136       0.75000000000000000     
  0.40000000000000002       0.80000000000000004       0.74909405348695113       0.75000000000000000     
  0.44000000000000000       0.80000000000000004       0.74676174443858545       0.75000000000000000     
  0.47999999999999998       0.80000000000000004       0.74004713117670284       0.75000000000000000     
  0.52000000000000002       0.80000000000000004       0.72374091710678723       0.75000000000000000     
  0.56000000000000005       0.80000000000000004       0.68826373701254284       0.75000000000000000     
  0.59999999999999998       0.80000000000000004       0.62661056914121394       0.75000000000000000     
  0.64000000000000001       0.80000000000000004       0.54049020655539970       0.75000000000000000     
  0.68000000000000005       0.80000000000000004       0.45642421799338073       0.75000000000000000     
  0.71999999999999997       0.80000000000000004       0.42259944620874357       0.75000000000000000     
  0.76000000000000001       0.80000000000000004       0.42746162950656608       0.75000000000000000     
  0.80000000000000004       0.80000000000000004       0.47672189469846066       0.87500000000000000     
  0.83999999999999997       0.80000000000000004       0.45250264296083248        1.0000000000000000     
  0.88000000000000000       0.80000000000000004       0.41122497493423082        1.0000000000000000     
  0.92000000000000004       0.80000000000000004       0.54012409870724243        1.0000000000000000     
  0.95999999999999996       0.80000000000000004       0.23254569678081444        1.0000000000000000     
   1.0000000000000000       0.80000000000000004       0.50000000000000000        1.0000000000000000     
   0.0000000000000000       0.83999999999999997       0.75000000000000000       0.75000000000000000     
   4.0000000000000001E-002  0.83999999999999997       0.75000471232899735       0.75000000000000000     
   8.0000000000000002E-002  0.83999999999999997       0.75000245826797440       0.75000000000000000     
  0.12000000000000000       0.83999999999999997       0.74998522011657187       0.75000000000000000     
  0.16000000000000000       0.83999999999999997       0.74997993253223982       0.75000000000000000     
  0.20000000000000001       0.83999999999999997       0.75000566120977286       0.75000000000000000     
  0.23999999999999999       0.83999999999999997       0.75004831308092790       0.75000000000000000     
  0.28000000000000003       0.83999999999999997       0.75007566151834304       0.75000000000000000     
  0.32000000000000001       0.83999999999999997       0.75007713997902958       0.75000000000000000     
  0.35999999999999999       0.83999999999999997       0.75001236472092681       0.75000000000000000     
  0.40000000000000002       0.83999999999999997       0.74987734006706108       0.75000000000000000     
  0.44000000000000000       0.83999999999999997       0.74926390118237174       0.75000000000000000     
  0.47999999999999998       0.83999999999999997       0.74779798595690494       0.75000000000000000     
  0.52000000000000002       0.83999999999999997       0.74275361217819413       0.75000000000000000     
  0.56000000000000005       0.83999999999999997       0.73209593518804461       0.75000000000000000     
  0.59999999999999998       0.83999999999999997       0.70613449258964067       0.75000000000000000     
  0.64000000000000001       0.83999999999999997       0.66657137638962061       0.75000000000000000     
  0.68000000000000005       0.83999999999999997       0.60385744522124785       0.75000000000000000     
  0.71999999999999997       0.83999999999999997       0.55688776786994665       0.75000000000000000     
  0.76000000000000001       0.83999999999999997       0.52444905555347499       0.75000000000000000     
  0.80000000000000004       0.83999999999999997       0.54936054418584257       0.75000000000000000     
  0.83999999999999997       0.83999999999999997       0.54970886269723918       0.87500000000000000     
  0.88000000000000000       0.83999999999999997       0.59906843233564055        1.0000000000000000     
  0.92000000000000004       0.83999999999999997       0.49212970445216436        1.0000000000000000     
  0.95999999999999996       0.83999999999999997       0.79073037237007338        1.0000000000000000     
   1.0000000000000000       0.83999999999999997       0.50000000000000000        1.0000000000000000     
   0.0000000000000000       0.88000000000000000       0.75000000000000000       0.75000000000000000     
   4.0000000000000001E-002  0.88000000000000000       0.75000182491001421       0.75000000000000000     
   8.0000000000000002E-002  0.88000000000000000       0.74999975891328496       0.75000000000000000     
  0.12000000000000000       0.88000000000000000       0.74999337775075248       0.75000000000000000     
  0.16000000000000000       0.88000000000000000       0.74999386199053852       0.75000000000000000     
  0.20000000000000001       0.88000000000000000       0.75000587225246129       0.75000000000000000     
  0.23999999999999999       0.88000000000000000       0.75002139477248242       0.75000000000000000     
  0.28000000000000003       0.88000000000000000       0.75002983772373255       0.75000000000000000     
  0.32000000000000001       0.88000000000000000       0.75002645754422403       0.75000000000000000     
  0.35999999999999999       0.88000000000000000       0.75000219203793017       0.75000000000000000     
  0.40000000000000002       0.88000000000000000       0.74993358656850173       0.75000000000000000     
  0.44000000000000000       0.88000000000000000       0.74965174367278242       0.75000000000000000     
  0.47999999999999998       0.88000000000000000       0.74880316711085926       0.75000000000000000     
  0.52000000000000002       0.88000000000000000       0.74583162037087691       0.75000000000000000     
  0.56000000000000005       0.88000000000000000       0.73818778433550192       0.75000000000000000     
  0.59999999999999998       0.88000000000000000       0.71808180131861343       0.75000000000000000     
  0.64000000000000001       0.88000000000000000       0.67868447162862411       0.75000000000000000     
  0.68000000000000005       0.88000000000000000       0.60728491356643899       0.75000000000000000     
  0.71999999999999997       0.88000000000000000       0.51990862088170253       0.75000000000000000     
  0.76000000000000001       0.88000000000000000       0.43119321294679136       0.75000000000000000     
  0.80000000000000004       0.88000000000000000       0.41965556964648448       0.75000000000000000     
  0.83999999999999997       0.88000000000000000       0.39011286840652853       0.75000000000000000     
  0.88000000000000000       0.88000000000000000       0.45042385885834346       0.87500000000000000     
  0.92000000000000004       0.88000000000000000       0.31793928155553219        1.0000000000000000     
  0.95999999999999996       0.88000000000000000       0.13714435639794106        1.0000000000000000     
   1.0000000000000000       0.88000000000000000       0.50000000000000000        1.0000000000000000     
   0.0000000000000000       0.92000000000000004       0.75000000000000000       0.75000000000000000     
   4.0000000000000001E-002  0.92000000000000004       0.75000058062968422       0.75000000000000000     
   8.0000000000000002E-002  0.92000000000000004       0.75000041871139855       0.75000000000000000     
  0.12000000000000000       0.92000000000000004       0.74999823803950871       0.75000000000000000     
  0.16000000000000000       0.92000000000000004       0.74999736393030481       0.75000000000000000     
  0.20000000000000001       0.92000000000000004       0.75000018778748812       0.75000000000000000     
  0.23999999999999999       0.92000000000000004       0.75000594388609809       0.75000000000000000     
  0.28000000000000003       0.92000000000000004       0.75000876132423677       0.75000000000000000     
  0.32000000000000001       0.92000000000000004       0.75001228437954048       0.75000000000000000     
  0.35999999999999999       0.92000000000000004       0.75000127171418418       0.75000000000000000     
  0.40000000000000002       0.92000000000000004       0.75000272177347416       0.75000000000000000     
  0.44000000000000000       0.92000000000000004       0.74992517299781136       0.75000000000000000     
  0.47999999999999998       0.92000000000000004       0.74980191230914328       0.75000000000000000     
  0.52000000000000002       0.92000000000000004       0.74910522538039237       0.75000000000000000     
  0.56000000000000005       0.92000000000000004       0.74730718959496900       0.75000000000000000     
  0.59999999999999998       0.92000000000000004       0.74177725131745165       0.75000000000000000     
  0.64000000000000001       0.92000000000000004       0.72895619979320680       0.75000000000000000     
  0.68000000000000005       0.92000000000000004       0.70158634011046994       0.75000000000000000     
  0.71999999999999997       0.92000000000000004       0.65768134411055390       0.75000000000000000     
  0.76000000000000001       0.92000000000000004       0.59842172233671242       0.75000000000000000     
  0.80000000000000004       0.92000000000000004       0.56325724826695389       0.75000000000000000     
  0.83999999999999997       0.92000000000000004       0.55695007437558519       0.75000000000000000     
  0.88000000000000000       0.92000000000000004       0.64101367741415494       0.75000000000000000     
  0.92000000000000004       0.92000000000000004       0.64542744371996097       0.87500000000000000     
  0.95999999999999996       0.92000000000000004       0.83845944660150218        1.0000000000000000     
   1.0000000000000000       0.92000000000000004       0.50000000000000000        1.0000000000000000     
   0.0000000000000000       0.95999999999999996       0.75000000000000000       0.75000000000000000     
   4.0000000000000001E-002  0.95999999999999996       0.75000023148695705       0.75000000000000000     
   8.0000000000000002E-002  0.95999999999999996       0.75000007282069570       0.75000000000000000     
  0.12000000000000000       0.95999999999999996       0.74999922960711152       0.75000000000000000     
  0.16000000000000000       0.95999999999999996       0.74999909509335128       0.75000000000000000     
  0.20000000000000001       0.95999999999999996       0.75000031577615656       0.75000000000000000     
  0.23999999999999999       0.95999999999999996       0.75000262197905676       0.75000000000000000     
  0.28000000000000003       0.95999999999999996       0.75000303255971790       0.75000000000000000     
  0.32000000000000001       0.95999999999999996       0.75000567080828862       0.75000000000000000     
  0.35999999999999999       0.95999999999999996       0.74999708049531133       0.75000000000000000     
  0.40000000000000002       0.95999999999999996       0.75001054243476850       0.75000000000000000     
  0.44000000000000000       0.95999999999999996       0.74994751335836229       0.75000000000000000     
  0.47999999999999998       0.95999999999999996       0.74998053880214688       0.75000000000000000     
  0.52000000000000002       0.95999999999999996       0.74946089935034088       0.75000000000000000     
  0.56000000000000005       0.95999999999999996       0.74899870206442387       0.75000000000000000     
  0.59999999999999998       0.95999999999999996       0.74473691208742510       0.75000000000000000     
  0.64000000000000001       0.95999999999999996       0.73809859944357059       0.75000000000000000     
  0.68000000000000005       0.95999999999999996       0.71100452385643387       0.75000000000000000     
  0.71999999999999997       0.95999999999999996       0.67200287692926930       0.75000000000000000     
  0.76000000000000001       0.95999999999999996       0.56654639396445139       0.75000000000000000     
  0.80000000000000004       0.95999999999999996       0.47399511518774279       0.75000000000000000     
  0.83999999999999997       0.95999999999999996       0.26586128488298894       0.75000000000000000     
  0.88000000000000000       0.95999999999999996       0.28116336160825817       0.75000000000000000     
  0.92000000000000004       0.95999999999999996        5.1122158458079013E-002  0.75000000000000000     
  0.95999999999999996       0.95999999999999996       0.22003249549956994       0.87500000000000000     
   1.0000000000000000       0.95999999999999996       0.50000000000000000        1.0000000000000000     
   0.0000000000000000        1.0000000000000000       0.75000000000000000       0.75000000000000000     
   4.0000000000000001E-002   1.0000000000000000       0.75000000000000000       0.75000000000000000     
   8.0000000000000002E-002   1.0000000000000000       0.75000000000000000       0.75000000000000000     
  0.12000000000000000        1.0000000000000000       0.75000000000000000       0.75000000000000000     
  0.16000000000000000        1.0000000000000000       0.75000000000000000       0.75000000000000000     
  0.20000000000000001        1.0000000000000000       0.75000000000000000       0.75000000000000000     
  0.23999999999999999        1.0000000000000000       0.75000000000000000       0.75000000000000000     
  0.28000000000000003        1.0000000000000000       0.75000000000000000       0.75000000000000000     
  0.32000000000000001        1.0000000000000000       0.75000000000000000       0.75000000000000000     
  0.35999999999999999        1.0000000000000000       0.75000000000000000       0.75000000000000000     
  0.40000000000000002        1.0000000000000000       0.75000000000000000       0.75000000000000000     
  0.44000000000000000        1.0000000000000000       0.75000000000000000       0.75000000000000000     
  0.47999999999999998        1.0000000000000000       0.75000000000000000       0.75000000000000000     
  0.52000000000000002        1.0000000000000000       0.75000000000000000       0.75000000000000000     
  0.56000000000000005        1.0000000000000000       0.75000000000000000       0.75000000000000000     
  0.59999999999999998        1.0000000000000000       0.75000000000000000       0.75000000000000000     
  0.64000000000000001        1.0000000000000000       0.75000000000000000       0.75000000000000000     
  0.68000000000000005        1.0000000000000000       0.75000000000000000       0.75000000000000000     
  0.71999999999999997        1.0000000000000000       0.75000000000000000       0.75000000000000000     
  0.76000000000000001        1.0000000000000000       0.75000000000000000       0.75000000000000000     
  0.80000000000000004        1.0000000000000000       0.75000000000000000       0.75000000000000000     
  0.83999999999999997        1.0000000000000000       0.75000000000000000       0.75000000000000000     
  0.88000000000000000        1.0000000000000000       0.75000000000000000       0.75000000000000000     
  0.92000000000000004        1.0000000000000000       0.75000000000000000       0.75000000000000000     
  0.95999999999999996        1.0000000000000000       0.75000000000000000       0.75000000000000000     
   1.0000000000000000        1.0000000000000000       0.62500000000000000       0.87500000000000000     
