   0.0000000000000000        0.0000000000000000       0.62500000000000000       0.87500000000000000     
   4.0000000000000001E-002   0.0000000000000000       0.50000000000000000        1.0000000000000000     
   8.0000000000000002E-002   0.0000000000000000       0.50000000000000000        1.0000000000000000     
  0.12000000000000000        0.0000000000000000       0.50000000000000000        1.0000000000000000     
  0.16000000000000000        0.0000000000000000       0.50000000000000000        1.0000000000000000     
  0.20000000000000001        0.0000000000000000       0.50000000000000000        1.0000000000000000     
  0.23999999999999999        0.0000000000000000       0.50000000000000000        1.0000000000000000     
  0.28000000000000003        0.0000000000000000       0.50000000000000000        1.0000000000000000     
  0.32000000000000001        0.0000000000000000       0.50000000000000000        1.0000000000000000     
  0.35999999999999999        0.0000000000000000       0.50000000000000000        1.0000000000000000     
  0.40000000000000002        0.0000000000000000       0.50000000000000000        1.0000000000000000     
  0.44000000000000000        0.0000000000000000       0.50000000000000000        1.0000000000000000     
  0.47999999999999998        0.0000000000000000       0.50000000000000000        1.0000000000000000     
  0.52000000000000002        0.0000000000000000       0.50000000000000000        1.0000000000000000     
  0.56000000000000005        0.0000000000000000       0.50000000000000000        1.0000000000000000     
  0.59999999999999998        0.0000000000000000       0.50000000000000000        1.0000000000000000     
  0.64000000000000001        0.0000000000000000       0.50000000000000000        1.0000000000000000     
  0.68000000000000005        0.0000000000000000       0.50000000000000000        1.0000000000000000     
  0.71999999999999997        0.0000000000000000       0.50000000000000000        1.0000000000000000     
  0.76000000000000001        0.0000000000000000       0.50000000000000000        1.0000000000000000     
  0.80000000000000004        0.0000000000000000       0.50000000000000000        1.0000000000000000     
  0.83999999999999997        0.0000000000000000       0.50000000000000000        1.0000000000000000     
  0.88000000000000000        0.0000000000000000       0.50000000000000000        1.0000000000000000     
  0.92000000000000004        0.0000000000000000       0.50000000000000000        1.0000000000000000     
  0.95999999999999996        0.0000000000000000       0.50000000000000000        1.0000000000000000     
   1.0000000000000000        0.0000000000000000       0.50000000000000000        1.0000000000000000     
   0.0000000000000000        4.0000000000000001E-002  0.75000000000000000       0.75000000000000000     
   4.0000000000000001E-002   4.0000000000000001E-002  0.58633434948771779       0.87500000000000000     
   8.0000000000000002E-002   4.0000000000000001E-002  0.51576781274666617        1.0000000000000000     
  0.12000000000000000        4.0000000000000001E-002  0.49688557938411254        1.0000000000000000     
  0.16000000000000000        4.0000000000000001E-002  0.50291720281834018        1.0000000000000000     
  0.20000000000000001        4.0000000000000001E-002  0.50062115385455441        1.0000000000000000     
  0.23999999999999999        4.0000000000000001E-002  0.49786988013567052        1.0000000000000000     
  0.28000000000000003        4.0000000000000001E-002  0.50084938844585813        1.0000000000000000     
  0.32000000000000001        4.0000000000000001E-002  0.49936322596832816        1.0000000000000000     
  0.35999999999999999        4.0000000000000001E-002  0.50048008975578850        1.0000000000000000     
  0.40000000000000002        4.0000000000000001E-002  0.50016347350404156        1.0000000000000000     
  0.44000000000000000        4.0000000000000001E-002  0.50018882949922283        1.0000000000000000     
  0.47999999999999998        4.0000000000000001E-002  0.50007582047751498        1.0000000000000000     
  0.52000000000000002        4.0000000000000001E-002  0.50002351978566184        1.0000000000000000     
  0.56000000000000005        4.0000000000000001E-002  0.50000518800078275        1.0000000000000000     
  0.59999999999999998        4.0000000000000001E-002  0.49999251221097707        1.0000000000000000     
  0.64000000000000001        4.0000000000000001E-002  0.49999415839940731        1.0000000000000000     
  0.68000000000000005        4.0000000000000001E-002  0.49999781766935675        1.0000000000000000     
  0.71999999999999997        4.0000000000000001E-002  0.49999248463464196        1.0000000000000000     
  0.76000000000000001        4.0000000000000001E-002  0.49999852404591949        1.0000000000000000     
  0.80000000000000004        4.0000000000000001E-002  0.49999557088854807        1.0000000000000000     
  0.83999999999999997        4.0000000000000001E-002  0.49999720840938577        1.0000000000000000     
  0.88000000000000000        4.0000000000000001E-002  0.49999352943872349        1.0000000000000000     
  0.92000000000000004        4.0000000000000001E-002  0.49999910975201006        1.0000000000000000     
  0.95999999999999996        4.0000000000000001E-002  0.49999322258183748        1.0000000000000000     
   1.0000000000000000        4.0000000000000001E-002  0.50000000000000000        1.0000000000000000     
   0.0000000000000000        8.0000000000000002E-002  0.75000000000000000       0.75000000000000000     
   4.0000000000000001E-002   8.0000000000000002E-002  0.65847474102277215       0.75000000000000000     
   8.0000000000000002E-002   8.0000000000000002E-002  0.56399984195049568       0.87500000000000000     
  0.12000000000000000        8.0000000000000002E-002  0.50768315290940924        1.0000000000000000     
  0.16000000000000000        8.0000000000000002E-002  0.49621276604764297        1.0000000000000000     
  0.20000000000000001        8.0000000000000002E-002  0.50549618745113534        1.0000000000000000     
  0.23999999999999999        8.0000000000000002E-002  0.49976295086400446        1.0000000000000000     
  0.28000000000000003        8.0000000000000002E-002  0.49846042810367358        1.0000000000000000     
  0.32000000000000001        8.0000000000000002E-002  0.50022271711222743        1.0000000000000000     
  0.35999999999999999        8.0000000000000002E-002  0.49914816926822664        1.0000000000000000     
  0.40000000000000002        8.0000000000000002E-002  0.50033441784618427        1.0000000000000000     
  0.44000000000000000        8.0000000000000002E-002  0.50022046131139153        1.0000000000000000     
  0.47999999999999998        8.0000000000000002E-002  0.50030117452367318        1.0000000000000000     
  0.52000000000000002        8.0000000000000002E-002  0.50020681019587887        1.0000000000000000     
  0.56000000000000005        8.0000000000000002E-002  0.50010194032410771        1.0000000000000000     
  0.59999999999999998        8.0000000000000002E-002  0.50007564091660528        1.0000000000000000     
  0.64000000000000001        8.0000000000000002E-002  0.50001127043901938        1.0000000000000000     
  0.68000000000000005        8.0000000000000002E-002  0.50002321213317991        1.0000000000000000     
  0.71999999999999997        8.0000000000000002E-002  0.49999900149705151        1.0000000000000000     
  0.76000000000000001        8.0000000000000002E-002  0.50000707214143880        1.0000000000000000     
  0.80000000000000004        8.0000000000000002E-002  0.49999880852587342        1.0000000000000000     
  0.83999999999999997        8.0000000000000002E-002  0.50000634133476252        1.0000000000000000     
  0.88000000000000000        8.0000000000000002E-002  0.49999754199378349        1.0000000000000000     
  0.92000000000000004        8.0000000000000002E-002  0.50000669675534315        1.0000000000000000     
  0.95999999999999996        8.0000000000000002E-002  0.49999624570617773        1.0000000000000000     
   1.0000000000000000        8.0000000000000002E-002  0.50000000000000000        1.0000000000000000     
   0.0000000000000000       0.12000000000000000       0.75000000000000000       0.75000000000000000     
   4.0000000000000001E-002  0.12000000000000000       0.70796082229269597       0.75000000000000000     
   8.0000000000000002E-002  0.12000000000000000       0.62078362957423794       0.75000000000000000     
  0.12000000000000000       0.12000000000000000       0.54674566425319893       0.87500000000000000     
  0.16000000000000000       0.12000000000000000       0.50101031800622275        1.0000000000000000     
  0.20000000000000001       0.12000000000000000       0.49704271061790284        1.0000000000000000     
  0.23999999999999999       0.12000000000000000       0.50528469811343912        1.0000000000000000     
  0.28000000000000003       0.12000000000000000       0.50073391137975576        1.0000000000000000     
  0.32000000000000001       0.12000000000000000       0.49871778588004662        1.0000000000000000     
  0.35999999999999999       0.12000000000000000       0.50010284591972820        1.0000000000000000     
  0.40000000000000002       0.12000000000000000       0.49865893421272939        1.0000000000000000     
  0.44000000000000000       0.12000000000000000       0.49976252454404940        1.0000000000000000     
  0.47999999999999998       0.12000000000000000       0.49977665692580503        1.0000000000000000     
  0.52000000000000002       0.12000000000000000       0.49997254640420236        1.0000000000000000     
  0.56000000000000005       0.12000000000000000       0.50007221222252163        1.0000000000000000     
  0.59999999999999998       0.12000000000000000       0.49997780793522606        1.0000000000000000     
  0.64000000000000001       0.12000000000000000       0.50008079671299921        1.0000000000000000     
  0.68000000000000005       0.12000000000000000       0.49996241552947823        1.0000000000000000     
  0.71999999999999997       0.12000000000000000       0.50004384451445216        1.0000000000000000     
  0.76000000000000001       0.12000000000000000       0.49998105446643115        1.0000000000000000     
  0.80000000000000004       0.12000000000000000       0.50002095244132194        1.0000000000000000     
  0.83999999999999997       0.12000000000000000       0.49998520794342349        1.0000000000000000     
  0.88000000000000000       0.12000000000000000       0.50002764555851731        1.0000000000000000     
  0.92000000000000004       0.12000000000000000       0.49997850386706644        1.0000000000000000     
  0.95999999999999996       0.12000000000000000       0.50003420819133904        1.0000000000000000     
   1.0000000000000000       0.12000000000000000       0.50000000000000000        1.0000000000000000     
   0.0000000000000000       0.16000000000000000       0.75000000000000000       0.75000000000000000     
   4.0000000000000001E-002  0.16000000000000000       0.74007951524167215       0.75000000000000000     
   8.0000000000000002E-002  0.16000000000000000       0.66966685291859829       0.75000000000000000     
  0.12000000000000000       0.16000000000000000       0.59413399932033861       0.75000000000000000     
  0.16000000000000000       0.16000000000000000       0.53321388028357286       0.87500000000000000     
  0.20000000000000001       0.16000000000000000       0.49831634514138440        1.0000000000000000     
  0.23999999999999999       0.16000000000000000       0.49587368505252133        1.0000000000000000     
  0.28000000000000003       0.16000000000000000       0.50542559980568380        1.0000000000000000     
  0.32000000000000001       0.16000000000000000       0.50121157545246919        1.0000000000000000     
  0.35999999999999999       0.16000000000000000       0.49927027263219093        1.0000000000000000     
  0.40000000000000002       0.16000000000000000       0.50032264655595127        1.0000000000000000     
  0.44000000000000000       0.16000000000000000       0.49857470346479699        1.0000000000000000     
  0.47999999999999998       0.16000000000000000       0.49943005515227473        1.0000000000000000     
  0.52000000000000002       0.16000000000000000       0.49952742386649107        1.0000000000000000     
  0.56000000000000005       0.16000000000000000       0.49963421654834878        1.0000000000000000     
  0.59999999999999998       0.16000000000000000       0.50002110648530662        1.0000000000000000     
  0.64000000000000001       0.16000000000000000       0.49975478898638537        1.0000000000000000     
  0.68000000000000005       0.16000000000000000       0.50013058152686596        1.0000000000000000     
  0.71999999999999997       0.16000000000000000       0.49983739591941595        1.0000000000000000     
  0.76000000000000001       0.16000000000000000       0.50006467568925339        1.0000000000000000     
  0.80000000000000004       0.16000000000000000       0.49991119271844459        1.0000000000000000     
  0.83999999999999997       0.16000000000000000       0.50003336907823337        1.0000000000000000     
  0.88000000000000000       0.16000000000000000       0.49988580340348659        1.0000000000000000     
  0.92000000000000004       0.16000000000000000       0.50005967361949810        1.0000000000000000     
  0.95999999999999996       0.16000000000000000       0.49986137942978354        1.0000000000000000     
   1.0000000000000000       0.16000000000000000       0.50000000000000000        1.0000000000000000     
   0.0000000000000000       0.20000000000000001       0.75000000000000000       0.75000000000000000     
   4.0000000000000001E-002  0.20000000000000001       0.75917003086927126       0.75000000000000000     
   8.0000000000000002E-002  0.20000000000000001       0.71258042004827182       0.75000000000000000     
  0.12000000000000000       0.20000000000000001       0.63710130528856301       0.75000000000000000     
  0.16000000000000000       0.20000000000000001       0.57240106884908659       0.75000000000000000     
  0.20000000000000001       0.20000000000000001       0.52574799988237719       0.87500000000000000     
  0.23999999999999999       0.20000000000000001       0.49590990265234752        1.0000000000000000     
  0.28000000000000003       0.20000000000000001       0.49491370845511085        1.0000000000000000     
  0.32000000000000001       0.20000000000000001       0.50509851733473610        1.0000000000000000     
  0.35999999999999999       0.20000000000000001       0.50168501315126957        1.0000000000000000     
  0.40000000000000002       0.20000000000000001       0.50032086808194798        1.0000000000000000     
  0.44000000000000000       0.20000000000000001       0.50138340866289199        1.0000000000000000     
  0.47999999999999998       0.20000000000000001       0.49954445528290997        1.0000000000000000     
  0.52000000000000002       0.20000000000000001       0.49987376241204667        1.0000000000000000     
  0.56000000000000005       0.20000000000000001       0.50008621685528676        1.0000000000000000     
  0.59999999999999998       0.20000000000000001       0.49957366768813044        1.0000000000000000     
  0.64000000000000001       0.20000000000000001       0.50046146813344139        1.0000000000000000     
  0.68000000000000005       0.20000000000000001       0.49958140259883504        1.0000000000000000     
  0.71999999999999997       0.20000000000000001       0.50045609032214888        1.0000000000000000     
  0.76000000000000001       0.20000000000000001       0.49980591501997429        1.0000000000000000     
  0.80000000000000004       0.20000000000000001       0.50027753990823376        1.0000000000000000     
  0.83999999999999997       0.20000000000000001       0.49992847637268317        1.0000000000000000     
  0.88000000000000000       0.20000000000000001       0.50033881201130026        1.0000000000000000     
  0.92000000000000004       0.20000000000000001       0.49985746347335003        1.0000000000000000     
  0.95999999999999996       0.20000000000000001       0.50041225352445029        1.0000000000000000     
   1.0000000000000000       0.20000000000000001       0.50000000000000000        1.0000000000000000     
   0.0000000000000000       0.23999999999999999       0.75000000000000000       0.75000000000000000     
   4.0000000000000001E-002  0.23999999999999999       0.76513184465117934       0.75000000000000000     
   8.0000000000000002E-002  0.23999999999999999       0.74842301731206506       0.75000000000000000     
  0.12000000000000000       0.23999999999999999       0.68195776388155971       0.75000000000000000     
  0.16000000000000000       0.23999999999999999       0.60721756523856674       0.75000000000000000     
  0.20000000000000001       0.23999999999999999       0.55688770304910584       0.75000000000000000     
  0.23999999999999999       0.23999999999999999       0.52025288982820728       0.87500000000000000     
  0.28000000000000003       0.23999999999999999       0.49396649613493715        1.0000000000000000     
  0.32000000000000001       0.23999999999999999       0.49347629274348703        1.0000000000000000     
  0.35999999999999999       0.23999999999999999       0.50407740933651446        1.0000000000000000     
  0.40000000000000002       0.23999999999999999       0.50131848537437751        1.0000000000000000     
  0.44000000000000000       0.23999999999999999       0.50070850658489130        1.0000000000000000     
  0.47999999999999998       0.23999999999999999       0.50175005013022433        1.0000000000000000     
  0.52000000000000002       0.23999999999999999       0.50028491164378774        1.0000000000000000     
  0.56000000000000005       0.23999999999999999       0.49969528150998405        1.0000000000000000     
  0.59999999999999998       0.23999999999999999       0.50070074956103050        1.0000000000000000     
  0.64000000000000001       0.23999999999999999       0.49880496984889194        1.0000000000000000     
  0.68000000000000005       0.23999999999999999       0.50090820500310129        1.0000000000000000     
  0.71999999999999997       0.23999999999999999       0.49879796617406646        1.0000000000000000     
  0.76000000000000001       0.23999999999999999       0.50048792105698225        1.0000000000000000     
  0.80000000000000004       0.23999999999999999       0.49924312524278591        1.0000000000000000     
  0.83999999999999997       0.23999999999999999       0.50014531598950696        1.0000000000000000     
  0.88000000000000000       0.23999999999999999       0.49914446009024083        1.0000000000000000     
  0.92000000000000004       0.23999999999999999       0.50030188718573343        1.0000000000000000     
  0.95999999999999996       0.23999999999999999       0.49895349076507550        1.0000000000000000     
   1.0000000000000000       0.23999999999999999       0.50000000000000000        1.0000000000000000     
   0.0000000000000000       0.28000000000000003       0.75000000000000000       0.75000000000000000     
   4.0000000000000001E-002  0.28000000000000003       0.76049545888427805       0.75000000000000000     
   8.0000000000000002E-002  0.28000000000000003       0.76869857472269421       0.75000000000000000     
  0.12000000000000000       0.28000000000000003       0.72861604630254584       0.75000000000000000     
  0.16000000000000000       0.28000000000000003       0.64999342899977808       0.75000000000000000     
  0.20000000000000001       0.28000000000000003       0.58336218699682241       0.75000000000000000     
  0.23999999999999999       0.28000000000000003       0.54644108421507009       0.75000000000000000     
  0.28000000000000003       0.28000000000000003       0.51809286243807717       0.87500000000000000     
  0.32000000000000001       0.28000000000000003       0.49413841280044840        1.0000000000000000     
  0.35999999999999999       0.28000000000000003       0.49331628320525722        1.0000000000000000     
  0.40000000000000002       0.28000000000000003       0.50365259605536128        1.0000000000000000     
  0.44000000000000000       0.28000000000000003       0.50081584878773888        1.0000000000000000     
  0.47999999999999998       0.28000000000000003       0.50104775426888970        1.0000000000000000     
  0.52000000000000002       0.28000000000000003       0.50161994694573464        1.0000000000000000     
  0.56000000000000005       0.28000000000000003       0.50164242771307810        1.0000000000000000     
  0.59999999999999998       0.28000000000000003       0.49926196091489689        1.0000000000000000     
  0.64000000000000001       0.28000000000000003       0.50268300992699610        1.0000000000000000     
  0.68000000000000005       0.28000000000000003       0.49819320461158778        1.0000000000000000     
  0.71999999999999997       0.28000000000000003       0.50276119330519820        1.0000000000000000     
  0.76000000000000001       0.28000000000000003       0.49885909858291572        1.0000000000000000     
  0.80000000000000004       0.28000000000000003       0.50183354541499336        1.0000000000000000     
  0.83999999999999997       0.28000000000000003       0.49970348123239011        1.0000000000000000     
  0.88000000000000000       0.28000000000000003       0.50191641525507091        1.0000000000000000     
  0.92000000000000004       0.28000000000000003       0.49943052524729475        1.0000000000000000     
  0.95999999999999996       0.28000000000000003       0.50235550643023563        1.0000000000000000     
   1.0000000000000000       0.28000000000000003       0.50000000000000000        1.0000000000000000     
   0.0000000000000000       0.32000000000000001       0.75000000000000000       0.75000000000000000     
   4.0000000000000001E-002  0.32000000000000001       0.75235150191132139       0.75000000000000000     
   8.0000000000000002E-002  0.32000000000000001       0.77044106433377302       0.75000000000000000     
  0.12000000000000000       0.32000000000000001       0.76286289362881343       0.75000000000000000     
  0.16000000000000000       0.32000000000000001       0.70172304987127454       0.75000000000000000     
  0.20000000000000001       0.32000000000000001       0.61900330447199914       0.75000000000000000     
  0.23999999999999999       0.32000000000000001       0.56248491440548487       0.75000000000000000     
  0.28000000000000003       0.32000000000000001       0.53725800210928065       0.75000000000000000     
  0.32000000000000001       0.32000000000000001       0.51494935342812753       0.87500000000000000     
  0.35999999999999999       0.32000000000000001       0.49210472872426309        1.0000000000000000     
  0.40000000000000002       0.32000000000000001       0.49036144699527007        1.0000000000000000     
  0.44000000000000000       0.32000000000000001       0.50051495365754695        1.0000000000000000     
  0.47999999999999998       0.32000000000000001       0.49709333263496230        1.0000000000000000     
  0.52000000000000002       0.32000000000000001       0.49911539390334286        1.0000000000000000     
  0.56000000000000005       0.32000000000000001       0.49812332745984234        1.0000000000000000     
  0.59999999999999998       0.32000000000000001       0.50163082516971536        1.0000000000000000     
  0.64000000000000001       0.32000000000000001       0.49533248825196446        1.0000000000000000     
  0.68000000000000005       0.32000000000000001       0.50348193045009815        1.0000000000000000     
  0.71999999999999997       0.32000000000000001       0.49440157704598869        1.0000000000000000     
  0.76000000000000001       0.32000000000000001       0.50247986034959491        1.0000000000000000     
  0.80000000000000004       0.32000000000000001       0.49596466120571608        1.0000000000000000     
  0.83999999999999997       0.32000000000000001       0.50062102454223001        1.0000000000000000     
  0.88000000000000000       0.32000000000000001       0.49610723175001264        1.0000000000000000     
  0.92000000000000004       0.32000000000000001       0.50095120774564228        1.0000000000000000     
  0.95999999999999996       0.32000000000000001       0.49521199605892352        1.0000000000000000     
   1.0000000000000000       0.32000000000000001       0.50000000000000000        1.0000000000000000     
   0.0000000000000000       0.35999999999999999       0.75000000000000000       0.75000000000000000     
   4.0000000000000001E-002  0.35999999999999999       0.74678093824285130       0.75000000000000000     
   8.0000000000000002E-002  0.35999999999999999       0.76054398114972144       0.75000000000000000     
  0.12000000000000000       0.35999999999999999       0.77501278173009380       0.75000000000000000     
  0.16000000000000000       0.35999999999999999       0.74798007645166942       0.75000000000000000     
  0.20000000000000001       0.35999999999999999       0.67373143706856753       0.75000000000000000     
  0.23999999999999999       0.35999999999999999       0.59398835921539639       0.75000000000000000     
  0.28000000000000003       0.35999999999999999       0.54934841759420250       0.75000000000000000     
  0.32000000000000001       0.35999999999999999       0.53484045212559639       0.75000000000000000     
  0.35999999999999999       0.35999999999999999       0.51783172438548963       0.87500000000000000     
  0.40000000000000002       0.35999999999999999       0.49632630363689823        1.0000000000000000     
  0.44000000000000000       0.35999999999999999       0.49332364085486868        1.0000000000000000     
  0.47999999999999998       0.35999999999999999       0.50357452355530297        1.0000000000000000     
  0.52000000000000002       0.35999999999999999       0.49806315201033274        1.0000000000000000     
  0.56000000000000005       0.35999999999999999       0.50314407478758427        1.0000000000000000     
  0.59999999999999998       0.35999999999999999       0.49775818368837227        1.0000000000000000     
  0.64000000000000001       0.35999999999999999       0.50783744586668844        1.0000000000000000     
  0.68000000000000005       0.35999999999999999       0.49432903319225296        1.0000000000000000     
  0.71999999999999997       0.35999999999999999       0.51037824661445397        1.0000000000000000     
  0.76000000000000001       0.35999999999999999       0.49516818201445445        1.0000000000000000     
  0.80000000000000004       0.35999999999999999       0.50815689675710907        1.0000000000000000     
  0.83999999999999997       0.35999999999999999       0.49867285598846856        1.0000000000000000     
  0.88000000000000000       0.35999999999999999       0.50727812397380168        1.0000000000000000     
  0.92000000000000004       0.35999999999999999       0.49859942486124015        1.0000000000000000     
  0.95999999999999996       0.35999999999999999       0.50884549615781105        1.0000000000000000     
   1.0000000000000000       0.35999999999999999       0.50000000000000000        1.0000000000000000     
   0.0000000000000000       0.40000000000000002       0.75000000000000000       0.75000000000000000     
   4.0000000000000001E-002  0.40000000000000002       0.74559338145114396       0.75000000000000000     
   8.0000000000000002E-002  0.40000000000000002       0.75005332716115980       0.75000000000000000     
  0.12000000000000000       0.40000000000000002       0.76994474949173231       0.75000000000000000     
  0.16000000000000000       0.40000000000000002       0.77280056433511646       0.75000000000000000     
  0.20000000000000001       0.40000000000000002       0.72678512438980325       0.75000000000000000     
  0.23999999999999999       0.40000000000000002       0.64261694122230806       0.75000000000000000     
  0.28000000000000003       0.40000000000000002       0.56604185902262427       0.75000000000000000     
  0.32000000000000001       0.40000000000000002       0.53102866954369887       0.75000000000000000     
  0.35999999999999999       0.40000000000000002       0.52531711528895531       0.75000000000000000     
  0.40000000000000002       0.40000000000000002       0.51262898578032934       0.87500000000000000     
  0.44000000000000000       0.40000000000000002       0.49289375128287743        1.0000000000000000     
  0.47999999999999998       0.40000000000000002       0.48880441104253475        1.0000000000000000     
  0.52000000000000002       0.40000000000000002       0.50075784496115983        1.0000000000000000     
  0.56000000000000005       0.40000000000000002       0.49115160761108273        1.0000000000000000     
  0.59999999999999998       0.40000000000000002       0.50169099393189331        1.0000000000000000     
  0.64000000000000001       0.40000000000000002       0.48774633091499320        1.0000000000000000     
  0.68000000000000005       0.40000000000000002       0.50788011840302660        1.0000000000000000     
  0.71999999999999997       0.40000000000000002       0.48260439768630520        1.0000000000000000     
  0.76000000000000001       0.40000000000000002       0.50853835951406190        1.0000000000000000     
  0.80000000000000004       0.40000000000000002       0.48478031806497596        1.0000000000000000     
  0.83999999999999997       0.40000000000000002       0.50285499227159569        1.0000000000000000     
  0.88000000000000000       0.40000000000000002       0.48734302153883535        1.0000000000000000     
  0.92000000000000004       0.40000000000000002       0.50178015509364526        1.0000000000000000     
  0.95999999999999996       0.40000000000000002       0.48504716481141918        1.0000000000000000     
   1.0000000000000000       0.40000000000000002       0.50000000000000000        1.0000000000000000     
   0.0000000000000000       0.44000000000000000       0.75000000000000000       0.75000000000000000     
   4.0000000000000001E-002  0.44000000000000000       0.74742900004766499       0.75000000000000000     
   8.0000000000000002E-002  0.44000000000000000       0.74469746159838868       0.75000000000000000     
  0.12000000000000000       0.44000000000000000       0.75756578415047504       0.75000000000000000     
  0.16000000000000000       0.44000000000000000       0.77449384896605955       0.75000000000000000     
  0.20000000000000001       0.44000000000000000       0.76227545583752532       0.75000000000000000     
  0.23999999999999999       0.44000000000000000       0.70387155562537285       0.75000000000000000     
  0.28000000000000003       0.44000000000000000       0.61986997791816256       0.75000000000000000     
  0.32000000000000001       0.44000000000000000       0.55334646179600544       0.75000000000000000     
  0.35999999999999999       0.44000000000000000       0.52989873005728094       0.75000000000000000     
  0.40000000000000002       0.44000000000000000       0.53245923478001500       0.75000000000000000     
  0.44000000000000000       0.44000000000000000       0.52317804397650869       0.87500000000000000     
  0.47999999999999998       0.44000000000000000       0.50543356696494912        1.0000000000000000     
  0.52000000000000002       0.44000000000000000       0.49839337676443757        1.0000000000000000     
  0.56000000000000005       0.44000000000000000       0.51301359142013847        1.0000000000000000     
  0.59999999999999998       0.44000000000000000       0.49665764190290895        1.0000000000000000     
  0.64000000000000001       0.44000000000000000       0.51663129563325294        1.0000000000000000     
  0.68000000000000005       0.44000000000000000       0.49024584704260521        1.0000000000000000     
  0.71999999999999997       0.44000000000000000       0.52596327742197013        1.0000000000000000     
  0.76000000000000001       0.44000000000000000       0.48661640074018025        1.0000000000000000     
  0.80000000000000004       0.44000000000000000       0.52586166788767175        1.0000000000000000     
  0.83999999999999997       0.44000000000000000       0.49411685860388543        1.0000000000000000     
  0.88000000000000000       0.44000000000000000       0.52073516672979081        1.0000000000000000     
  0.92000000000000004       0.44000000000000000       0.49790916294562393        1.0000000000000000     
  0.95999999999999996       0.44000000000000000       0.52310103247328843        1.0000000000000000     
   1.0000000000000000       0.44000000000000000       0.50000000000000000        1.0000000000000000     
   0.0000000000000000       0.47999999999999998       0.75000000000000000       0.75000000000000000     
   4.0000000000000001E-002  0.47999999999999998       0.74955081667637324       0.75000000000000000     
   8.0000000000000002E-002  0.47999999999999998       0.74404605750932107       0.75000000000000000     
  0.12000000000000000       0.47999999999999998       0.74824710360208124       0.75000000000000000     
  0.16000000000000000       0.47999999999999998       0.76639483849209766       0.75000000000000000     
  0.20000000000000001       0.47999999999999998       0.77556105731443492       0.75000000000000000     
  0.23999999999999999       0.47999999999999998       0.74677006097857324       0.75000000000000000     
  0.28000000000000003       0.47999999999999998       0.67456261317913169       0.75000000000000000     
  0.32000000000000001       0.47999999999999998       0.58605750119842293       0.75000000000000000     
  0.35999999999999999       0.47999999999999998       0.52340021055831942       0.75000000000000000     
  0.40000000000000002       0.47999999999999998       0.50736972877588093       0.75000000000000000     
  0.44000000000000000       0.47999999999999998       0.51674633553570881       0.75000000000000000     
  0.47999999999999998       0.47999999999999998       0.51020328817048533       0.87500000000000000     
  0.52000000000000002       0.47999999999999998       0.49428096441175789        1.0000000000000000     
  0.56000000000000005       0.47999999999999998       0.48480536820393655        1.0000000000000000     
  0.59999999999999998       0.47999999999999998       0.50352414673545653        1.0000000000000000     
  0.64000000000000001       0.47999999999999998       0.47822014108160765        1.0000000000000000     
  0.68000000000000005       0.47999999999999998       0.50904792017034617        1.0000000000000000     
  0.71999999999999997       0.47999999999999998       0.46524039780869930        1.0000000000000000     
  0.76000000000000001       0.47999999999999998       0.51826002062087861        1.0000000000000000     
  0.80000000000000004       0.47999999999999998       0.45939923107516140        1.0000000000000000     
  0.83999999999999997       0.47999999999999998       0.51149999021217651        1.0000000000000000     
  0.88000000000000000       0.47999999999999998       0.46746186525418065        1.0000000000000000     
  0.92000000000000004       0.47999999999999998       0.50251576437030021        1.0000000000000000     
  0.95999999999999996       0.47999999999999998       0.46692718468771766        1.0000000000000000     
   1.0000000000000000       0.47999999999999998       0.50000000000000000        1.0000000000000000     
   0.0000000000000000       0.52000000000000002       0.75000000000000000       0.75000000000000000     
   4.0000000000000001E-002  0.52000000000000002       0.75086390797435032       0.75000000000000000     
   8.0000000000000002E-002  0.52000000000000002       0.74690983857794457       0.75000000000000000     
  0.12000000000000000       0.52000000000000002       0.74480372947598805       0.75000000000000000     
  0.16000000000000000       0.52000000000000002       0.75456688099837010       0.75000000000000000     
  0.20000000000000001       0.52000000000000002       0.76943388045671191       0.75000000000000000     
  0.23999999999999999       0.52000000000000002       0.76729520994131839       0.75000000000000000     
  0.28000000000000003       0.52000000000000002       0.72960341450140798       0.75000000000000000     
  0.32000000000000001       0.52000000000000002       0.65815482895074873       0.75000000000000000     
  0.35999999999999999       0.52000000000000002       0.57848411846079961       0.75000000000000000     
  0.40000000000000002       0.52000000000000002       0.52633756942442955       0.75000000000000000     
  0.44000000000000000       0.52000000000000002       0.51746272166148055       0.75000000000000000     
  0.47999999999999998       0.52000000000000002       0.53076632038507443       0.75000000000000000     
  0.52000000000000002       0.52000000000000002       0.52614284806574774       0.87500000000000000     
  0.56000000000000005       0.52000000000000002       0.51371341799315984        1.0000000000000000     
  0.59999999999999998       0.52000000000000002       0.50226829073601709        1.0000000000000000     
  0.64000000000000001       0.52000000000000002       0.52762890805006579        1.0000000000000000     
  0.68000000000000005       0.52000000000000002       0.49368131268190202        1.0000000000000000     
  0.71999999999999997       0.52000000000000002       0.54201064170208080        1.0000000000000000     
  0.76000000000000001       0.52000000000000002       0.47927273105016144        1.0000000000000000     
  0.80000000000000004       0.52000000000000002       0.55685212602953793        1.0000000000000000     
  0.83999999999999997       0.52000000000000002       0.48043975210483347        1.0000000000000000     
  0.88000000000000000       0.52000000000000002       0.54871660073115247        1.0000000000000000     
  0.92000000000000004       0.52000000000000002       0.49540523379723800        1.0000000000000000     
  0.95999999999999996       0.52000000000000002       0.54405692454109822        1.0000000000000000     
   1.0000000000000000       0.52000000000000002       0.50000000000000000        1.0000000000000000     
   0.0000000000000000       0.56000000000000005       0.75000000000000000       0.75000000000000000     
   4.0000000000000001E-002  0.56000000000000005       0.75139956706593658       0.75000000000000000     
   8.0000000000000002E-002  0.56000000000000005       0.74899886384466352       0.75000000000000000     
  0.12000000000000000       0.56000000000000005       0.74411435733346631       0.75000000000000000     
  0.16000000000000000       0.56000000000000005       0.74795657048122433       0.75000000000000000     
  0.20000000000000001       0.56000000000000005       0.76266895246973232       0.75000000000000000     
  0.23999999999999999       0.56000000000000005       0.77291796360445908       0.75000000000000000     
  0.28000000000000003       0.56000000000000005       0.75720551905045375       0.75000000000000000     
  0.32000000000000001       0.56000000000000005       0.70405419560490534       0.75000000000000000     
  0.35999999999999999       0.56000000000000005       0.62142922930416788       0.75000000000000000     
  0.40000000000000002       0.56000000000000005       0.53743649714847808       0.75000000000000000     
  0.44000000000000000       0.56000000000000005       0.48670561414183977       0.75000000000000000     
  0.47999999999999998       0.56000000000000005       0.48365113665791476       0.75000000000000000     
  0.52000000000000002       0.56000000000000005       0.50117151460098175       0.75000000000000000     
  0.56000000000000005       0.56000000000000005       0.49989355078239489       0.87500000000000000     
  0.59999999999999998       0.56000000000000005       0.48500158064510207        1.0000000000000000     
  0.64000000000000001       0.56000000000000005       0.47346282810826867        1.0000000000000000     
  0.68000000000000005       0.56000000000000005       0.49925675321015867        1.0000000000000000     
  0.71999999999999997       0.56000000000000005       0.45520143071371011        1.0000000000000000     
  0.76000000000000001       0.56000000000000005       0.51709993170160573        1.0000000000000000     
  0.80000000000000004       0.56000000000000005       0.42764692125731651        1.0000000000000000     
  0.83999999999999997       0.56000000000000005       0.53027608833963125        1.0000000000000000     
  0.88000000000000000       0.56000000000000005       0.42841165189731190        1.0000000000000000     
  0.92000000000000004       0.56000000000000005       0.51097327198036313        1.0000000000000000     
  0.95999999999999996       0.56000000000000005       0.44280106998823016        1.0000000000000000     
   1.0000000000000000       0.56000000000000005       0.50000000000000000        1.0000000000000000     
   0.0000000000000000       0.59999999999999998       0.75000000000000000       0.75000000000000000     
   4.0000000000000001E-002  0.59999999999999998       0.75089630038625677       0.75000000000000000     
   8.0000000000000002E-002  0.59999999999999998       0.75080848289880753       0.75000000000000000     
  0.12000000000000000       0.59999999999999998       0.74707892757232275       0.75000000000000000     
  0.16000000000000000       0.59999999999999998       0.74555609541919377       0.75000000000000000     
  0.20000000000000001       0.59999999999999998       0.75265348148948508       0.75000000000000000     
  0.23999999999999999       0.59999999999999998       0.76430665201911008       0.75000000000000000     
  0.28000000000000003       0.59999999999999998       0.76656262448966916       0.75000000000000000     
  0.32000000000000001       0.59999999999999998       0.74485453713402583       0.75000000000000000     
  0.35999999999999999       0.59999999999999998       0.69303674337407595       0.75000000000000000     
  0.40000000000000002       0.59999999999999998       0.61913466557087116       0.75000000000000000     
  0.44000000000000000       0.59999999999999998       0.54713579529496226       0.75000000000000000     
  0.47999999999999998       0.59999999999999998       0.50631720026139027       0.75000000000000000     
  0.52000000000000002       0.59999999999999998       0.50910150489871964       0.75000000000000000     
  0.56000000000000005       0.59999999999999998       0.52906929965818705       0.75000000000000000     
  0.59999999999999998       0.59999999999999998       0.53211721213866703       0.87500000000000000     
  0.64000000000000001       0.59999999999999998       0.52215334990934081        1.0000000000000000     
  0.68000000000000005       0.59999999999999998       0.51187113550715924        1.0000000000000000     
  0.71999999999999997       0.59999999999999998       0.54718196908422079        1.0000000000000000     
  0.76000000000000001       0.59999999999999998       0.49146730901974822        1.0000000000000000     
  0.80000000000000004       0.59999999999999998       0.58107720790780615        1.0000000000000000     
  0.83999999999999997       0.59999999999999998       0.46261102999031939        1.0000000000000000     
  0.88000000000000000       0.59999999999999998       0.59638457975176373        1.0000000000000000     
  0.92000000000000004       0.59999999999999998       0.47596970446930298        1.0000000000000000     
  0.95999999999999996       0.59999999999999998       0.57357693038178337        1.0000000000000000     
   1.0000000000000000       0.59999999999999998       0.50000000000000000        1.0000000000000000     
   0.0000000000000000       0.64000000000000001       0.75000000000000000       0.75000000000000000     
   4.0000000000000001E-002  0.64000000000000001       0.75078738926033073       0.75000000000000000     
   8.0000000000000002E-002  0.64000000000000001       0.75125802793577579       0.75000000000000000     
  0.12000000000000000       0.64000000000000001       0.74786318834488408       0.75000000000000000     
  0.16000000000000000       0.64000000000000001       0.74505782142837518       0.75000000000000000     
  0.20000000000000001       0.64000000000000001       0.74983556905838478       0.75000000000000000     
  0.23999999999999999       0.64000000000000001       0.76087067907704287       0.75000000000000000     
  0.28000000000000003       0.64000000000000001       0.76760143717065021       0.75000000000000000     
  0.32000000000000001       0.64000000000000001       0.75723442750089553       0.75000000000000000     
  0.35999999999999999       0.64000000000000001       0.72089832280243937       0.75000000000000000     
  0.40000000000000002       0.64000000000000001       0.65668207483585361       0.75000000000000000     
  0.44000000000000000       0.64000000000000001       0.57387789796506372       0.75000000000000000     
  0.47999999999999998       0.64000000000000001       0.49660118831682570       0.75000000000000000     
  0.52000000000000002       0.64000000000000001       0.45414314646637960       0.75000000000000000     
  0.56000000000000005       0.64000000000000001       0.46007392235028038       0.75000000000000000     
  0.59999999999999998       0.64000000000000001       0.47962063926299237       0.75000000000000000     
  0.64000000000000001       0.64000000000000001       0.48543194142230833       0.87500000000000000     
  0.68000000000000005       0.64000000000000001       0.46473679588707933        1.0000000000000000     
  0.71999999999999997       0.64000000000000001       0.45892701105191525        1.0000000000000000     
  0.76000000000000001       0.64000000000000001       0.48856870029715838        1.0000000000000000     
  0.80000000000000004       0.64000000000000001       0.42167298221123267        1.0000000000000000     
  0.83999999999999997       0.64000000000000001       0.53626444664628514        1.0000000000000000     
  0.88000000000000000       0.64000000000000001       0.37571520929728464        1.0000000000000000     
  0.92000000000000004       0.64000000000000001       0.54867273162469232        1.0000000000000000     
  0.95999999999999996       0.64000000000000001       0.39700702201602173        1.0000000000000000     
   1.0000000000000000       0.64000000000000001       0.50000000000000000        1.0000000000000000     
   0.0000000000000000       0.68000000000000005       0.75000000000000000       0.75000000000000000     
   4.0000000000000001E-002  0.68000000000000005       0.75016410672543843       0.75000000000000000     
   8.0000000000000002E-002  0.68000000000000005       0.75110369411791067       0.75000000000000000     
  0.12000000000000000       0.68000000000000005       0.74999708006593757       0.75000000000000000     
  0.16000000000000000       0.68000000000000005       0.74720065386608392       0.75000000000000000     
  0.20000000000000001       0.68000000000000005       0.74731326086520211       0.75000000000000000     
  0.23999999999999999       0.68000000000000005       0.75283725555576131       0.75000000000000000     
  0.28000000000000003       0.68000000000000005       0.76004244831721668       0.75000000000000000     
  0.32000000000000001       0.68000000000000005       0.76129117601118490       0.75000000000000000     
  0.35999999999999999       0.68000000000000005       0.74869137083417747       0.75000000000000000     
  0.40000000000000002       0.68000000000000005       0.71717441036983598       0.75000000000000000     
  0.44000000000000000       0.68000000000000005       0.66453561714586640       0.75000000000000000     
  0.47999999999999998       0.68000000000000005       0.59938404036046600       0.75000000000000000     
  0.52000000000000002       0.68000000000000005       0.53836379581783256       0.75000000000000000     
  0.56000000000000005       0.68000000000000005       0.51031501775318211       0.75000000000000000     
  0.59999999999999998       0.68000000000000005       0.51809400078631374       0.75000000000000000     
  0.64000000000000001       0.68000000000000005       0.54264368311047195       0.75000000000000000     
  0.68000000000000005       0.68000000000000005       0.54630492132941855       0.87500000000000000     
  0.71999999999999997       0.68000000000000005       0.53917490954495262        1.0000000000000000     
  0.76000000000000001       0.68000000000000005       0.52440702523960980        1.0000000000000000     
  0.80000000000000004       0.68000000000000005       0.57417455259963912        1.0000000000000000     
  0.83999999999999997       0.68000000000000005       0.47494007276687994        1.0000000000000000     
  0.88000000000000000       0.68000000000000005       0.63630776513760534        1.0000000000000000     
  0.92000000000000004       0.68000000000000005       0.43125315581955381        1.0000000000000000     
  0.95999999999999996       0.68000000000000005       0.64020662546561113        1.0000000000000000     
   1.0000000000000000       0.68000000000000005       0.50000000000000000        1.0000000000000000     
   0.0000000000000000       0.71999999999999997       0.75000000000000000       0.75000000000000000     
   4.0000000000000001E-002  0.71999999999999997       0.75021758927411664       0.75000000000000000     
   8.0000000000000002E-002  0.71999999999999997       0.75089864147435748       0.75000000000000000     
  0.12000000000000000       0.71999999999999997       0.74975880203253620       0.75000000000000000     
  0.16000000000000000       0.71999999999999997       0.74756609193804957       0.75000000000000000     
  0.20000000000000001       0.71999999999999997       0.74802962611919632       0.75000000000000000     
  0.23999999999999999       0.71999999999999997       0.75256591164940334       0.75000000000000000     
  0.28000000000000003       0.71999999999999997       0.75811020618544478       0.75000000000000000     
  0.32000000000000001       0.71999999999999997       0.75929049004418225       0.75000000000000000     
  0.35999999999999999       0.71999999999999997       0.75111123095717769       0.75000000000000000     
  0.40000000000000002       0.71999999999999997       0.72828698787144897       0.75000000000000000     
  0.44000000000000000       0.71999999999999997       0.68593138583938718       0.75000000000000000     
  0.47999999999999998       0.71999999999999997       0.61963950178333749       0.75000000000000000     
  0.52000000000000002       0.71999999999999997       0.53859444908218335       0.75000000000000000     
  0.56000000000000005       0.71999999999999997       0.46207891404221535       0.75000000000000000     
  0.59999999999999998       0.71999999999999997       0.42672237637432131       0.75000000000000000     
  0.64000000000000001       0.71999999999999997       0.43512868967385027       0.75000000000000000     
  0.68000000000000005       0.71999999999999997       0.45952670851410798       0.75000000000000000     
  0.71999999999999997       0.71999999999999997       0.46835523136994933       0.87500000000000000     
  0.76000000000000001       0.71999999999999997       0.44414526909835406        1.0000000000000000     
  0.80000000000000004       0.71999999999999997       0.45098705200639205        1.0000000000000000     
  0.83999999999999997       0.71999999999999997       0.48744169034172558        1.0000000000000000     
  0.88000000000000000       0.71999999999999997       0.37295129064696980        1.0000000000000000     
  0.92000000000000004       0.71999999999999997       0.58156017920268410        1.0000000000000000     
  0.95999999999999996       0.71999999999999997       0.28465756140667364        1.0000000000000000     
   1.0000000000000000       0.71999999999999997       0.50000000000000000        1.0000000000000000     
   0.0000000000000000       0.76000000000000001       0.75000000000000000       0.75000000000000000     
   4.0000000000000001E-002  0.76000000000000001       0.74995004422535438       0.75000000000000000     
   8.0000000000000002E-002  0.76000000000000001       0.75043486605217535       0.75000000000000000     
  0.12000000000000000       0.76000000000000001       0.75040828840311724       0.75000000000000000     
  0.16000000000000000       0.76000000000000001       0.74923589669441870       0.75000000000000000     
  0.20000000000000001       0.76000000000000001       0.74839413144542877       0.75000000000000000     
  0.23999999999999999       0.76000000000000001       0.74966688558178241       0.75000000000000000     
  0.28000000000000003       0.76000000000000001       0.75272570995701171       0.75000000000000000     
  0.32000000000000001       0.76000000000000001       0.75539220123696038       0.75000000000000000     
  0.35999999999999999       0.76000000000000001       0.75459515292302526       0.75000000000000000     
  0.40000000000000002       0.76000000000000001       0.74797734434485208       0.75000000000000000     
  0.44000000000000000       0.76000000000000001       0.73132311952607354       0.75000000000000000     
  0.47999999999999998       0.76000000000000001       0.70221904661193502       0.75000000000000000     
  0.52000000000000002       0.76000000000000001       0.65535378551023460       0.75000000000000000     
  0.56000000000000005       0.76000000000000001       0.60167208805633721       0.75000000000000000     
  0.59999999999999998       0.76000000000000001       0.54830435981444847       0.75000000000000000     
  0.64000000000000001       0.76000000000000001       0.53279168862017845       0.75000000000000000     
  0.68000000000000005       0.76000000000000001       0.53363192721135244       0.75000000000000000     
  0.71999999999999997       0.76000000000000001       0.56252431606446551       0.75000000000000000     
  0.76000000000000001       0.76000000000000001       0.54691950286425695       0.87500000000000000     
  0.80000000000000004       0.76000000000000001       0.55727874884702511        1.0000000000000000     
  0.83999999999999997       0.76000000000000001       0.51793208818408143        1.0000000000000000     
  0.88000000000000000       0.76000000000000001       0.62180736248506552        1.0000000000000000     
  0.92000000000000004       0.76000000000000001       0.44070584793064510        1.0000000000000000     
  0.95999999999999996       0.76000000000000001       0.75439035125017762        1.0000000000000000     
   1.0000000000000000       0.76000000000000001       0.50000000000000000        1.0000000000000000     
   0.0000000000000000       0.80000000000000004       0.75000000000000000       0.75000000000000000     
   4.0000000000000001E-002  0.80000000000000004       0.75003520016207958       0.75000000000000000     
   8.0000000000000002E-002  0.80000000000000004       0.75031373782796040       0.75000000000000000     
  0.12000000000000000       0.80000000000000004       0.75006540085804163       0.75000000000000000     
  0.16000000000000000       0.80000000000000004       0.74927635921112057       0.75000000000000000     
  0.20000000000000001       0.80000000000000004       0.74911084844687181       0.75000000000000000     
  0.23999999999999999       0.80000000000000004       0.75033445654788899       0.75000000000000000     
  0.28000000000000003       0.80000000000000004       0.75231717093127037       0.75000000000000000     
  0.32000000000000001       0.80000000000000004       0.75356879743361282       0.75000000000000000     
  0.35999999999999999       0.80000000000000004       0.75252924632926144       0.75000000000000000     
  0.40000000000000002       0.80000000000000004       0.74749880515085032       0.75000000000000000     
  0.44000000000000000       0.80000000000000004       0.73497684342914360       0.75000000000000000     
  0.47999999999999998       0.80000000000000004       0.70976739489326779       0.75000000000000000     
  0.52000000000000002       0.80000000000000004       0.66296639414738023       0.75000000000000000     
  0.56000000000000005       0.80000000000000004       0.59368697425329631       0.75000000000000000     
  0.59999999999999998       0.80000000000000004       0.50682163683143200       0.75000000000000000     
  0.64000000000000001       0.80000000000000004       0.43787317350702654       0.75000000000000000     
  0.68000000000000005       0.80000000000000004       0.40910200787029682       0.75000000000000000     
  0.71999999999999997       0.80000000000000004       0.43479410816770575       0.75000000000000000     
  0.76000000000000001       0.80000000000000004       0.45242545964387337       0.75000000000000000     
  0.80000000000000004       0.80000000000000004       0.46860799368748329       0.87500000000000000     
  0.83999999999999997       0.80000000000000004       0.41689148553381550        1.0000000000000000     
  0.88000000000000000       0.80000000000000004       0.42732232289519584        1.0000000000000000     
  0.92000000000000004       0.80000000000000004       0.45150460176090984        1.0000000000000000     
  0.95999999999999996       0.80000000000000004       0.14577100063756462        1.0000000000000000     
   1.0000000000000000       0.80000000000000004       0.50000000000000000        1.0000000000000000     
   0.0000000000000000       0.83999999999999997       0.75000000000000000       0.75000000000000000     
   4.0000000000000001E-002  0.83999999999999997       0.74997170767623633       0.75000000000000000     
   8.0000000000000002E-002  0.83999999999999997       0.75011106530904825       0.75000000000000000     
  0.12000000000000000       0.83999999999999997       0.75015905505987446       0.75000000000000000     
  0.16000000000000000       0.83999999999999997       0.74984979603603863       0.75000000000000000     
  0.20000000000000001       0.83999999999999997       0.74951296820050117       0.75000000000000000     
  0.23999999999999999       0.83999999999999997       0.74973290318072838       0.75000000000000000     
  0.28000000000000003       0.83999999999999997       0.75054238867813061       0.75000000000000000     
  0.32000000000000001       0.83999999999999997       0.75151207920552543       0.75000000000000000     
  0.35999999999999999       0.83999999999999997       0.75177005309820477       0.75000000000000000     
  0.40000000000000002       0.83999999999999997       0.75086133560009460       0.75000000000000000     
  0.44000000000000000       0.83999999999999997       0.74727343034914162       0.75000000000000000     
  0.47999999999999998       0.83999999999999997       0.73945172244304047       0.75000000000000000     
  0.52000000000000002       0.83999999999999997       0.72256551355854837       0.75000000000000000     
  0.56000000000000005       0.83999999999999997       0.69304270359494768       0.75000000000000000     
  0.59999999999999998       0.83999999999999997       0.64724942328502733       0.75000000000000000     
  0.64000000000000001       0.83999999999999997       0.59439551004136804       0.75000000000000000     
  0.68000000000000005       0.83999999999999997       0.54829119330447718       0.75000000000000000     
  0.71999999999999997       0.83999999999999997       0.53853377419139004       0.75000000000000000     
  0.76000000000000001       0.83999999999999997       0.54090527783001474       0.75000000000000000     
  0.80000000000000004       0.83999999999999997       0.57785144268210831       0.75000000000000000     
  0.83999999999999997       0.83999999999999997       0.54768952989272579       0.87500000000000000     
  0.88000000000000000       0.83999999999999997       0.63400042792895861        1.0000000000000000     
  0.92000000000000004       0.83999999999999997       0.54910616223880437        1.0000000000000000     
  0.95999999999999996       0.83999999999999997       0.83642611414739609        1.0000000000000000     
   1.0000000000000000       0.83999999999999997       0.50000000000000000        1.0000000000000000     
   0.0000000000000000       0.88000000000000000       0.75000000000000000       0.75000000000000000     
   4.0000000000000001E-002  0.88000000000000000       0.74999993586510860       0.75000000000000000     
   8.0000000000000002E-002  0.88000000000000000       0.75007557843742068       0.75000000000000000     
  0.12000000000000000       0.88000000000000000       0.75004574203867014       0.75000000000000000     
  0.16000000000000000       0.88000000000000000       0.74985098469036338       0.75000000000000000     
  0.20000000000000001       0.88000000000000000       0.74974664445798034       0.75000000000000000     
  0.23999999999999999       0.88000000000000000       0.74998128294491995       0.75000000000000000     
  0.28000000000000003       0.88000000000000000       0.75046125038409039       0.75000000000000000     
  0.32000000000000001       0.88000000000000000       0.75090653500964855       0.75000000000000000     
  0.35999999999999999       0.88000000000000000       0.75089779668640055       0.75000000000000000     
  0.40000000000000002       0.88000000000000000       0.75023863725479889       0.75000000000000000     
  0.44000000000000000       0.88000000000000000       0.74781603573263367       0.75000000000000000     
  0.47999999999999998       0.88000000000000000       0.74231621914847790       0.75000000000000000     
  0.52000000000000002       0.88000000000000000       0.72826906931401336       0.75000000000000000     
  0.56000000000000005       0.88000000000000000       0.70132644186728788       0.75000000000000000     
  0.59999999999999998       0.88000000000000000       0.64856158609858761       0.75000000000000000     
  0.64000000000000001       0.88000000000000000       0.57860556783084838       0.75000000000000000     
  0.68000000000000005       0.88000000000000000       0.48405078937118295       0.75000000000000000     
  0.71999999999999997       0.88000000000000000       0.43592176242098635       0.75000000000000000     
  0.76000000000000001       0.88000000000000000       0.38725428514242816       0.75000000000000000     
  0.80000000000000004       0.88000000000000000       0.44305720348322480       0.75000000000000000     
  0.83999999999999997       0.88000000000000000       0.34437352356357276       0.75000000000000000     
  0.88000000000000000       0.88000000000000000       0.37194884374988596       0.87500000000000000     
  0.92000000000000004       0.88000000000000000       0.19727871745302927        1.0000000000000000     
  0.95999999999999996       0.88000000000000000       0.11914876173925550        1.0000000000000000     
   1.0000000000000000       0.88000000000000000       0.50000000000000000        1.0000000000000000     
   0.0000000000000000       0.92000000000000004       0.75000000000000000       0.75000000000000000     
   4.0000000000000001E-002  0.92000000000000004       0.74999227588210626       0.75000000000000000     
   8.0000000000000002E-002  0.92000000000000004       0.75002232051367168       0.75000000000000000     
  0.12000000000000000       0.92000000000000004       0.75003882576145642       0.75000000000000000     
  0.16000000000000000       0.92000000000000004       0.74997622708166922       0.75000000000000000     
  0.20000000000000001       0.92000000000000004       0.74989142313671198       0.75000000000000000     
  0.23999999999999999       0.92000000000000004       0.74992495531104120       0.75000000000000000     
  0.28000000000000003       0.92000000000000004       0.75008358832793176       0.75000000000000000     
  0.32000000000000001       0.92000000000000004       0.75032686590749087       0.75000000000000000     
  0.35999999999999999       0.92000000000000004       0.75040557975182687       0.75000000000000000     
  0.40000000000000002       0.92000000000000004       0.75039406508417894       0.75000000000000000     
  0.44000000000000000       0.92000000000000004       0.74971228473041807       0.75000000000000000     
  0.47999999999999998       0.92000000000000004       0.74850320685693938       0.75000000000000000     
  0.52000000000000002       0.92000000000000004       0.74424311966338441       0.75000000000000000     
  0.56000000000000005       0.92000000000000004       0.73607972997696458       0.75000000000000000     
  0.59999999999999998       0.92000000000000004       0.71652491276558639       0.75000000000000000     
  0.64000000000000001       0.92000000000000004       0.68517575719771473       0.75000000000000000     
  0.68000000000000005       0.92000000000000004       0.63658245854629913       0.75000000000000000     
  0.71999999999999997       0.92000000000000004       0.58802368826119877       0.75000000000000000     
  0.76000000000000001       0.92000000000000004       0.56065339548058657       0.75000000000000000     
  0.80000000000000004       0.92000000000000004       0.58054649085450472       0.75000000000000000     
  0.83999999999999997       0.92000000000000004       0.63254168375586783       0.75000000000000000     
  0.88000000000000000       0.92000000000000004       0.71900664558117078       0.75000000000000000     
  0.92000000000000004       0.92000000000000004       0.66378672525860438       0.87500000000000000     
  0.95999999999999996       0.92000000000000004       0.85208724424034044        1.0000000000000000     
   1.0000000000000000       0.92000000000000004       0.50000000000000000        1.0000000000000000     
   0.0000000000000000       0.95999999999999996       0.75000000000000000       0.75000000000000000     
   4.0000000000000001E-002  0.95999999999999996       0.74999710224108929       0.75000000000000000     
   8.0000000000000002E-002  0.95999999999999996       0.75001559334967360       0.75000000000000000     
  0.12000000000000000       0.95999999999999996       0.75001879706346464       0.75000000000000000     
  0.16000000000000000       0.95999999999999996       0.74997816869195344       0.75000000000000000     
  0.20000000000000001       0.95999999999999996       0.74993521241549688       0.75000000000000000     
  0.23999999999999999       0.95999999999999996       0.74997061548093935       0.75000000000000000     
  0.28000000000000003       0.95999999999999996       0.75006003973885504       0.75000000000000000     
  0.32000000000000001       0.95999999999999996       0.75020662485118839       0.75000000000000000     
  0.35999999999999999       0.95999999999999996       0.75020433959412680       0.75000000000000000     
  0.40000000000000002       0.95999999999999996       0.75027238039447519       0.75000000000000000     
  0.44000000000000000       0.95999999999999996       0.74976595854573536       0.75000000000000000     
  0.47999999999999998       0.95999999999999996       0.74941338203677232       0.75000000000000000     
  0.52000000000000002       0.95999999999999996       0.74630585874125299       0.75000000000000000     
  0.56000000000000005       0.95999999999999996       0.74164309103096271       0.75000000000000000     
  0.59999999999999998       0.95999999999999996       0.72408257528886444       0.75000000000000000     
  0.64000000000000001       0.95999999999999996       0.69611505630582216       0.75000000000000000     
  0.68000000000000005       0.95999999999999996       0.62671275196838361       0.75000000000000000     
  0.71999999999999997       0.95999999999999996       0.54403320963875568       0.75000000000000000     
  0.76000000000000001       0.95999999999999996       0.38680479187813888       0.75000000000000000     
  0.80000000000000004       0.95999999999999996       0.31796996380618192       0.75000000000000000     
  0.83999999999999997       0.95999999999999996       0.11571579753054465       0.75000000000000000     
  0.88000000000000000       0.95999999999999996       0.27652995121739032       0.75000000000000000     
  0.92000000000000004       0.95999999999999996        1.6310459701119526E-002  0.75000000000000000     
  0.95999999999999996       0.95999999999999996       0.22907080903207269       0.87500000000000000     
   1.0000000000000000       0.95999999999999996       0.50000000000000000        1.0000000000000000     
   0.0000000000000000        1.0000000000000000       0.75000000000000000       0.75000000000000000     
   4.0000000000000001E-002   1.0000000000000000       0.75000000000000000       0.75000000000000000     
   8.0000000000000002E-002   1.0000000000000000       0.75000000000000000       0.75000000000000000     
  0.12000000000000000        1.0000000000000000       0.75000000000000000       0.75000000000000000     
  0.16000000000000000        1.0000000000000000       0.75000000000000000       0.75000000000000000     
  0.20000000000000001        1.0000000000000000       0.75000000000000000       0.75000000000000000     
  0.23999999999999999        1.0000000000000000       0.75000000000000000       0.75000000000000000     
  0.28000000000000003        1.0000000000000000       0.75000000000000000       0.75000000000000000     
  0.32000000000000001        1.0000000000000000       0.75000000000000000       0.75000000000000000     
  0.35999999999999999        1.0000000000000000       0.75000000000000000       0.75000000000000000     
  0.40000000000000002        1.0000000000000000       0.75000000000000000       0.75000000000000000     
  0.44000000000000000        1.0000000000000000       0.75000000000000000       0.75000000000000000     
  0.47999999999999998        1.0000000000000000       0.75000000000000000       0.75000000000000000     
  0.52000000000000002        1.0000000000000000       0.75000000000000000       0.75000000000000000     
  0.56000000000000005        1.0000000000000000       0.75000000000000000       0.75000000000000000     
  0.59999999999999998        1.0000000000000000       0.75000000000000000       0.75000000000000000     
  0.64000000000000001        1.0000000000000000       0.75000000000000000       0.75000000000000000     
  0.68000000000000005        1.0000000000000000       0.75000000000000000       0.75000000000000000     
  0.71999999999999997        1.0000000000000000       0.75000000000000000       0.75000000000000000     
  0.76000000000000001        1.0000000000000000       0.75000000000000000       0.75000000000000000     
  0.80000000000000004        1.0000000000000000       0.75000000000000000       0.75000000000000000     
  0.83999999999999997        1.0000000000000000       0.75000000000000000       0.75000000000000000     
  0.88000000000000000        1.0000000000000000       0.75000000000000000       0.75000000000000000     
  0.92000000000000004        1.0000000000000000       0.75000000000000000       0.75000000000000000     
  0.95999999999999996        1.0000000000000000       0.75000000000000000       0.75000000000000000     
   1.0000000000000000        1.0000000000000000       0.62500000000000000       0.87500000000000000     
