2.499607670837486195e-01 2.499569286212215413e-01 2.499404777897269447e-01 2.499240258758936017e-01 2.499075728796502915e-01 2.498911188009257933e-01 2.498746636396488585e-01 2.498582073957482941e-01 2.498417500691528792e-01 2.498252916597913931e-01 2.498088321675925594e-01 2.497923715924851018e-01 2.497759099343978273e-01 2.497594471932594873e-01 2.497429833689988055e-01 2.497265184615444777e-01 2.497100524708252833e-01 2.496935853967700292e-01 2.496771172393073557e-01 0.000000000000000000e+00
2.499554864038467383e-01 2.499670784288439418e-01 2.499506283550387564e-01 2.499341771989565253e-01 2.499177249605259721e-01 2.499012716396759315e-01 2.498848172363353215e-01 2.498683617504325605e-01 2.498519051818967052e-01 2.498354475306565625e-01 2.498189887966408007e-01 2.498025289797780601e-01 2.497860680799972588e-01 2.497696060972271759e-01 2.497531430313964518e-01 2.497366788824339212e-01 2.497202136502681691e-01 2.497037473348280856e-01 2.496872799360424500e-01 0.000000000000000000e+00
2.499389725257274986e-01 2.499504885514520214e-01 2.499340373953739258e-01 2.499175851569487294e-01 2.499011318361052392e-01 2.498846774327724285e-01 2.498682219468786603e-01 2.498517653783530190e-01 2.498353077271242839e-01 2.498188489931211231e-01 2.498023891762722604e-01 2.497859282765065025e-01 2.497694662937526844e-01 2.497530032279394463e-01 2.497365390789956230e-01 2.497200738468497716e-01 2.497036075314308101e-01 2.496871401326674900e-01 2.496706716504885071e-01 0.000000000000000000e+00
2.499225206119922160e-01 2.499340373953739258e-01 2.499175851569487294e-01 2.499011318361052392e-01 2.498846774327724285e-01 2.498682219468786603e-01 2.498517653783530190e-01 2.498353077271242839e-01 2.498188489931211231e-01 2.498023891762722604e-01 2.497859282765065025e-01 2.497694662937526844e-01 2.497530032279394463e-01 2.497365390789956230e-01 2.497200738468497716e-01 2.497036075314308101e-01 2.496871401326674900e-01 2.496706716504885071e-01 2.496542020848223908e-01 0.000000000000000000e+00
2.499060676158599836e-01 2.499175851569487294e-01 2.499011318361052392e-01 2.498846774327724285e-01 2.498682219468786603e-01 2.498517653783530190e-01 2.498353077271242839e-01 2.498188489931211231e-01 2.498023891762722604e-01 2.497859282765065025e-01 2.497694662937526844e-01 2.497530032279394463e-01 2.497365390789956230e-01 2.497200738468497716e-01 2.497036075314308101e-01 2.496871401326674900e-01 2.496706716504885071e-01 2.496542020848223908e-01 2.496377314355980592e-01 0.000000000000000000e+00
2.498896135372596639e-01 2.499011318361052392e-01 2.498846774327724285e-01 2.498682219468786603e-01 2.498517653783530190e-01 2.498353077271242839e-01 2.498188489931211231e-01 2.498023891762722604e-01 2.497859282765065025e-01 2.497694662937526844e-01 2.497530032279394463e-01 2.497365390789956230e-01 2.497200738468497716e-01 2.497036075314308101e-01 2.496871401326674900e-01 2.496706716504885071e-01 2.496542020848223908e-01 2.496377314355980592e-01 2.496212597027441527e-01 0.000000000000000000e+00
2.498731583761199526e-01 2.498846774327724285e-01 2.498682219468786603e-01 2.498517653783530190e-01 2.498353077271242839e-01 2.498188489931211231e-01 2.498023891762722604e-01 2.497859282765065025e-01 2.497694662937526844e-01 2.497530032279394463e-01 2.497365390789956230e-01 2.497200738468497716e-01 2.497036075314308101e-01 2.496871401326674900e-01 2.496706716504885071e-01 2.496542020848223908e-01 2.496377314355980592e-01 2.496212597027441527e-01 2.496047868861894781e-01 0.000000000000000000e+00
2.498567021323696569e-01 2.498682219468786603e-01 2.498517653783530190e-01 2.498353077271242839e-01 2.498188489931211231e-01 2.498023891762722604e-01 2.497859282765065025e-01 2.497694662937526844e-01 2.497530032279394463e-01 2.497365390789956230e-01 2.497200738468497716e-01 2.497036075314308101e-01 2.496871401326674900e-01 2.496706716504885071e-01 2.496542020848223908e-01 2.496377314355980592e-01 2.496212597027441527e-01 2.496047868861894781e-01 2.495883129858625649e-01 0.000000000000000000e+00
2.498402448059375835e-01 2.498517653783530190e-01 2.498353077271242839e-01 2.498188489931211231e-01 2.498023891762722604e-01 2.497859282765065025e-01 2.497694662937526844e-01 2.497530032279394463e-01 2.497365390789956230e-01 2.497200738468497716e-01 2.497036075314308101e-01 2.496871401326674900e-01 2.496706716504885071e-01 2.496542020848223908e-01 2.496377314355980592e-01 2.496212597027441527e-01 2.496047868861894781e-01 2.495883129858625649e-01 2.495718380016921090e-01 0.000000000000000000e+00
2.498237863967524841e-01 2.498353077271242839e-01 2.498188489931211231e-01 2.498023891762722604e-01 2.497859282765065025e-01 2.497694662937526844e-01 2.497530032279394463e-01 2.497365390789956230e-01 2.497200738468497716e-01 2.497036075314308101e-01 2.496871401326674900e-01 2.496706716504885071e-01 2.496542020848223908e-01 2.496377314355980592e-01 2.496212597027441527e-01 2.496047868861894781e-01 2.495883129858625649e-01 2.495718380016921090e-01 2.495553619336070006e-01 0.000000000000000000e+00
2.498073269047431100e-01 2.498188489931211231e-01 2.498023891762722604e-01 2.497859282765065025e-01 2.497694662937526844e-01 2.497530032279394463e-01 2.497365390789956230e-01 2.497200738468497716e-01 2.497036075314308101e-01 2.496871401326674900e-01 2.496706716504885071e-01 2.496542020848223908e-01 2.496377314355980592e-01 2.496212597027441527e-01 2.496047868861894781e-01 2.495883129858625649e-01 2.495718380016921090e-01 2.495553619336070006e-01 2.495388847815357414e-01 0.000000000000000000e+00
2.497908663298381848e-01 2.498023891762722604e-01 2.497859282765065025e-01 2.497694662937526844e-01 2.497530032279394463e-01 2.497365390789956230e-01 2.497200738468497716e-01 2.497036075314308101e-01 2.496871401326674900e-01 2.496706716504885071e-01 2.496542020848223908e-01 2.496377314355980592e-01 2.496212597027441527e-01 2.496047868861894781e-01 2.495883129858625649e-01 2.495718380016921090e-01 2.495553619336070006e-01 2.495388847815357414e-01 2.495224065454073048e-01 0.000000000000000000e+00
2.497744046719665156e-01 2.497859282765065025e-01 2.497694662937526844e-01 2.497530032279394463e-01 2.497365390789956230e-01 2.497200738468497716e-01 2.497036075314308101e-01 2.496871401326674900e-01 2.496706716504885071e-01 2.496542020848223908e-01 2.496377314355980592e-01 2.496212597027441527e-01 2.496047868861894781e-01 2.495883129858625649e-01 2.495718380016921090e-01 2.495553619336070006e-01 2.495388847815357414e-01 2.495224065454073048e-01 2.495059272251499705e-01 0.000000000000000000e+00
2.497579419310568816e-01 2.497694662937526844e-01 2.497530032279394463e-01 2.497365390789956230e-01 2.497200738468497716e-01 2.497036075314308101e-01 2.496871401326674900e-01 2.496706716504885071e-01 2.496542020848223908e-01 2.496377314355980592e-01 2.496212597027441527e-01 2.496047868861894781e-01 2.495883129858625649e-01 2.495718380016921090e-01 2.495553619336070006e-01 2.495388847815357414e-01 2.495224065454073048e-01 2.495059272251499705e-01 2.494894468206926563e-01 0.000000000000000000e+00
2.497414781070379231e-01 2.497530032279394463e-01 2.497365390789956230e-01 2.497200738468497716e-01 2.497036075314308101e-01 2.496871401326674900e-01 2.496706716504885071e-01 2.496542020848223908e-01 2.496377314355980592e-01 2.496212597027441527e-01 2.496047868861894781e-01 2.495883129858625649e-01 2.495718380016921090e-01 2.495553619336070006e-01 2.495388847815357414e-01 2.495224065454073048e-01 2.495059272251499705e-01 2.494894468206926563e-01 2.494729653319638918e-01 0.000000000000000000e+00
2.497250131998384748e-01 2.497365390789956230e-01 2.497200738468497716e-01 2.497036075314308101e-01 2.496871401326674900e-01 2.496706716504885071e-01 2.496542020848223908e-01 2.496377314355980592e-01 2.496212597027441527e-01 2.496047868861894781e-01 2.495883129858625649e-01 2.495718380016921090e-01 2.495553619336070006e-01 2.495388847815357414e-01 2.495224065454073048e-01 2.495059272251499705e-01 2.494894468206926563e-01 2.494729653319638918e-01 2.494564827588924005e-01 0.000000000000000000e+00
2.497085472093872049e-01 2.497200738468497716e-01 2.497036075314308101e-01 2.496871401326674900e-01 2.496706716504885071e-01 2.496542020848223908e-01 2.496377314355980592e-01 2.496212597027441527e-01 2.496047868861894781e-01 2.495883129858625649e-01 2.495718380016921090e-01 2.495553619336070006e-01 2.495388847815357414e-01 2.495224065454073048e-01 2.495059272251499705e-01 2.494894468206926563e-01 2.494729653319638918e-01 2.494564827588924005e-01 2.494399991014069895e-01 0.000000000000000000e+00
2.496920801356129205e-01 2.497036075314308101e-01 2.496871401326674900e-01 2.496706716504885071e-01 2.496542020848223908e-01 2.496377314355980592e-01 2.496212597027441527e-01 2.496047868861894781e-01 2.495883129858625649e-01 2.495718380016921090e-01 2.495553619336070006e-01 2.495388847815357414e-01 2.495224065454073048e-01 2.495059272251499705e-01 2.494894468206926563e-01 2.494729653319638918e-01 2.494564827588924005e-01 2.494399991014069895e-01 2.494235143594360493e-01 0.000000000000000000e+00
2.496757517811951377e-01 2.496872799341183224e-01 2.496708114519155808e-01 2.496543418862245400e-01 2.496378712369740072e-01 2.496213995040927613e-01 2.496049266875094708e-01 2.495884527871527481e-01 2.495719778029512614e-01 2.495555017348339011e-01 2.495390245827291964e-01 2.495225463465660654e-01 2.495060670262728431e-01 2.494895866217784197e-01 2.494731051330113247e-01 2.494566225599002540e-01 2.494401389023740978e-01 2.494236541603611912e-01 2.494071683337903689e-01 0.000000000000000000e+00
0.000000000000000000e+00 0.000000000000000000e+00 0.000000000000000000e+00 0.000000000000000000e+00 0.000000000000000000e+00 0.000000000000000000e+00 0.000000000000000000e+00 0.000000000000000000e+00 0.000000000000000000e+00 0.000000000000000000e+00 0.000000000000000000e+00 0.000000000000000000e+00 0.000000000000000000e+00 0.000000000000000000e+00 0.000000000000000000e+00 0.000000000000000000e+00 0.000000000000000000e+00 0.000000000000000000e+00 0.000000000000000000e+00 0.000000000000000000e+00
