  -1.2882297539194267E-231
  -1.2882297539194267E-231
  -1.2882297539194267E-231
  -1.2882297539194267E-231
  -1.2882297539194267E-231
  -1.2882297539194267E-231
   1.5941843019126030E-237
   1.5941843019126030E-237
   2.2382991768014462E-237
   2.2382991768014462E-237
   2.1738876883527560E-237
   2.1738876883527560E-237
   2.0933733081045407E-237
   2.0933733081045407E-237
   5.7970156500409841E-238
   5.7970156500409841E-238
  -3.1668309794192171E-243
  -3.1668309794192171E-243
  -3.2584160607053241E-243
  -3.2584160607053241E-243
  -3.0204960851498528E-243
  -3.0204960851498528E-243
  -1.0595672152263135E-243
  -1.0595672152263135E-243
  -1.4492241857672368E-244
  -1.4492241857672368E-244
   3.8434987293629623E-249
   3.8434987293629623E-249
   3.6218074153384878E-249
   3.6218074153384878E-249
   1.7370351929783272E-249
   1.7370351929783272E-249
   3.9894498555697236E-250
   3.9894498555697236E-250
   3.6227003478970635E-251
   3.6227003478970635E-251
  -4.3327593992236901E-255
  -4.3327593992236901E-255
  -2.5171961721899662E-255
  -2.5171961721899662E-255
