   0.0000000000000000     
   5.0000000745058060E-002
  0.10000000149011612     
  0.15000000223517418     
  0.20000000298023224     
  0.25000000372529030     
  0.30000000447034836     
  0.35000000521540642     
  0.40000000596046448     
  0.45000000670552254     
  0.50000000745058060     
  0.55000000819563866     
  0.60000000894069672     
  0.65000000968575478     
  0.70000001043081284     
  0.75000001117587090     
  0.80000001192092896     
  0.85000001266598701     
  0.90000001341104507     
  0.95000001415610313     
