   9.99999975E-05     1.00000000         1.00000000         0.00000000    
   1.99999995E-04     1.00010002         1.00000000         0.00000000    
   2.99999985E-04     1.00030005         1.00000000         9.09355630E-19
   3.99999990E-04     1.00060010         1.00000000         1.50045964E-17
   4.99999966E-04     1.00100005         1.00000000         9.63940170E-17
   5.99999970E-04     1.00150001         1.00000000         3.93307626E-16
   6.99999975E-04     1.00209999         1.00000000         1.22221031E-15
   7.99999980E-04     1.00279999         1.00000000         3.16373391E-15
   8.99999985E-04     1.00360000         1.00000000         7.18041688E-15
   9.99999931E-04     1.00450003         1.00000000         1.47562508E-14
   1.09999988E-03     1.00550008         1.00000000         2.80579765E-14
   1.19999982E-03     1.00660002         1.00000000         5.01181772E-14
   1.29999977E-03     1.00779998         1.00000000         8.50400208E-14
   1.39999972E-03     1.00909996         1.00000000         1.38223729E-13
   1.49999966E-03     1.01049995         1.00000000         2.16614582E-13
   1.59999961E-03     1.01199996         1.00000000         3.28972499E-13
   1.69999956E-03     1.01359999         1.00000000         4.86163030E-13
   1.79999950E-03     1.01530004         1.00000000         7.01469373E-13
   1.89999945E-03     1.01709998         1.00000000         9.90926200E-13
   1.99999940E-03     1.01899993         1.00000000         1.37367288E-12
   2.09999946E-03     1.02099991         1.00000000         1.87233020E-12
   2.19999952E-03     1.02309990         1.00000000         2.51339487E-12
   2.29999959E-03     1.02529991         1.00000000         3.32765369E-12
   2.39999965E-03     1.02759993         1.00000000         4.35062229E-12
   2.49999971E-03     1.02999997         1.00000000         5.62299556E-12
   2.59999977E-03     1.03250003         1.00000000         7.19112487E-12
   2.69999984E-03     1.03509998         1.00000000         9.10750815E-12
   2.79999990E-03     1.03779995         1.00000000         1.14312995E-11
   2.89999996E-03     1.04059994         1.00000000         1.42288377E-11
   3.00000003E-03     1.04349995         1.00000000         1.75741834E-11
   3.10000009E-03     1.04649997         1.00000000         2.15496891E-11
   3.20000015E-03     1.04960001         1.00000000         2.62465553E-11
   3.30000021E-03     1.05280006         1.00000000         3.17654340E-11
   3.40000028E-03     1.05610001         1.00000000         3.82170094E-11
   3.50000034E-03     1.05949998         1.00000000         4.57226236E-11
   3.60000040E-03     1.06299996         1.00000000         5.44148858E-11
   3.70000047E-03     1.06659997         1.00000000         6.44383019E-11
   3.80000053E-03     1.07029998         1.00000000         7.59499061E-11
   3.90000059E-03     1.07410002         1.00000000         8.91198781E-11
   4.00000066E-03     1.07800007         1.00000000         1.04132251E-10
   4.10000049E-03     1.08200002         1.00000000         1.21185451E-10
   4.20000032E-03     1.08609998         1.00000000         1.40493020E-10
   4.30000015E-03     1.09029996         1.00000000         1.62284214E-10
   4.39999998E-03     1.09459996         1.00000000         1.86804627E-10
   4.49999981E-03     1.09899998         1.00000000         2.14316828E-10
   4.59999964E-03     1.10350001         1.00000000         2.45100967E-10
   4.69999947E-03     1.10810006         1.00000000         2.79455320E-10
   4.79999930E-03     1.11280000         1.00000000         3.17696897E-10
   4.89999913E-03     1.11759996         1.00000000         3.60162011E-10
   4.99999896E-03     1.12249994         1.00000000         4.07206824E-10
   5.09999879E-03     1.12749994         1.00000000         4.59207589E-10
   5.19999862E-03     1.13259995         1.00000000         5.16561460E-10
   5.29999845E-03     1.13779998         1.00000000         5.79686854E-10
   5.39999828E-03     1.14310002         1.00000000         6.49023502E-10
   5.49999811E-03     1.14849997         1.00000000         7.25033089E-10
   5.59999794E-03     1.15399992         1.00000000         8.08199452E-10
   5.69999777E-03     1.15959990         1.00000000         8.99028796E-10
   5.79999760E-03     1.16529989         1.00000000         9.98049865E-10
   5.89999743E-03     1.17109990         1.00000000         1.10581400E-09
   5.99999726E-03     1.17699993         1.00000000         1.22289501E-09
   6.09999709E-03     1.18299997         1.00000000         1.34988909E-09
   6.19999692E-03     1.18909991         1.00000000         1.48741530E-09
   6.29999675E-03     1.19529986         1.00000000         1.63611458E-09
   6.39999658E-03     1.20159984         1.00000000         1.79664905E-09
   6.49999641E-03     1.20799983         1.00000000         1.96970307E-09
   6.59999624E-03     1.21449983         1.00000000         2.15598139E-09
   6.69999607E-03     1.22109985         1.00000000         2.35620812E-09
   6.79999590E-03     1.22779989         1.00000000         2.57112776E-09
   6.89999573E-03     1.23459983         1.00000000         2.80150236E-09
   6.99999556E-03     1.24149978         1.00000000         3.04811087E-09
   7.09999539E-03     1.24849975         1.00000000         3.31174843E-09
   7.19999522E-03     1.25559974         1.00000000         3.59322505E-09
   7.29999505E-03     1.26279974         1.00000000         3.89336430E-09
   7.39999488E-03     1.27009976         1.00000000         4.21299884E-09
   7.49999471E-03     1.27749979         1.00000000         4.55297267E-09
   7.59999454E-03     1.28499985         1.00000000         4.91413576E-09
   7.69999437E-03     1.29259980         1.00000000         5.29734345E-09
   7.79999420E-03     1.30029976         1.00000000         5.70345504E-09
   7.89999403E-03     1.30809975         1.00000000         6.13332585E-09
   7.99999386E-03     1.31599975         1.00000000         6.58781252E-09
   8.09999369E-03     1.32399976         1.00000000         7.06776193E-09
   8.19999352E-03     1.33209980         1.00000000         7.57401253E-09
   8.29999335E-03     1.34029984         1.00000000         8.10739031E-09
   8.39999318E-03     1.34859979         1.00000000         8.66870487E-09
   8.49999301E-03     1.35699975         1.00000000         9.25874311E-09
   8.59999284E-03     1.36549973         1.00000000         9.87826532E-09
   8.69999267E-03     1.37409973         1.00000000         1.05280051E-08
   8.79999250E-03     1.38279974         1.00000000         1.12086616E-08
   8.89999233E-03     1.39159977         1.00000000         1.19208909E-08
   8.99999216E-03     1.40049982         1.00000000         1.26653070E-08
   9.09999199E-03     1.40949976         1.00000000         1.34424729E-08
   9.19999182E-03     1.41859972         1.00000000         1.42528958E-08
   9.29999165E-03     1.42779970         1.00000000         1.50970223E-08
   9.39999148E-03     1.43709970         1.00000000         1.59752229E-08
   9.49999131E-03     1.44649971         1.00000000         1.68878014E-08
   9.59999114E-03     1.45599973         1.00000000         1.78349797E-08
   9.69999097E-03     1.46559978         1.00000000         1.88168823E-08
   9.79999080E-03     1.47529972         1.00000000         1.98335517E-08
   9.89999063E-03     1.48509967         1.00000000         2.08849151E-08
   9.99999046E-03     1.49499965         1.00000000         2.19707932E-08
   1.00999903E-02     1.50499964         1.00000000         2.30908945E-08
   1.01999901E-02     1.51509964         1.00000000         2.42447875E-08
   1.02999900E-02     1.52529967         1.00000000         2.54319090E-08
   1.03999898E-02     1.53559971         1.00000000         2.66515716E-08
   1.04999896E-02     1.54599965         1.00000000         2.79029120E-08
   1.05999894E-02     1.55649960         1.00000000         2.91849247E-08
   1.06999893E-02     1.56709957         1.00000000         3.04964196E-08
   1.07999891E-02     1.57779956         1.00000000         3.18360485E-08
   1.08999889E-02     1.58859956         1.00000000         3.32022694E-08
   1.09999888E-02     1.59949958         1.00000000         3.45933380E-08
   1.10999886E-02     1.61049962         1.00000000         3.60073287E-08
   1.11999884E-02     1.62159956         1.00000000         3.74420850E-08
   1.12999883E-02     1.63279951         1.00000000         3.88952408E-08
   1.13999881E-02     1.64409947         1.00000000         4.03642133E-08
   1.14999879E-02     1.65549946         1.00000000         4.18461639E-08
   1.15999877E-02     1.66699946         1.00000000         4.33380372E-08
   1.16999876E-02     1.67859948         1.00000000         4.48365078E-08
   1.17999874E-02     1.69029951         1.00000000         4.63380019E-08
   1.18999872E-02     1.70209944         1.00000000         4.78386930E-08
   1.19999871E-02     1.71399939         1.00000000         4.93344814E-08
   1.20999869E-02     1.72599936         1.00000000         5.08209972E-08
   1.21999867E-02     1.73809934         1.00000000         5.22935721E-08
   1.22999866E-02     1.75029933         1.00000000         5.37473070E-08
   1.23999864E-02     1.76259935         1.00000000         5.51769759E-08
   1.24999862E-02     1.77499938         1.00000000         5.65770790E-08
   1.25999860E-02     1.78749931         1.00000000         5.79418504E-08
   1.26999859E-02     1.80009925         1.00000000         5.92652079E-08
   1.27999857E-02     1.81279922         1.00000000         6.05408061E-08
   1.28999855E-02     1.82559919         1.00000000         6.17620088E-08
   1.29999854E-02     1.83849919         1.00000000         6.29219059E-08
   1.30999852E-02     1.85149920         1.00000000         6.40133209E-08
   1.31999850E-02     1.86459923         1.00000000         6.50287859E-08
   1.32999849E-02     1.87779927         1.00000000         6.59606130E-08
   1.33999847E-02     1.89109921         1.00000000         6.68008369E-08
   1.34999845E-02     1.90449917         1.00000000         6.75412934E-08
   1.35999843E-02     1.91799915         1.00000000         6.81735486E-08
   1.36999842E-02     1.93159914         1.00000000         6.86890118E-08
   1.37999840E-02     1.94529915         1.00000000         6.90788724E-08
   1.38999838E-02     1.95909917         1.00000000         6.93341917E-08
   1.39999837E-02     1.97299922         1.00000000         6.94458322E-08
   1.40999835E-02     1.98699915         1.00000000         6.94046207E-08
   1.41999833E-02     2.00109911         1.00000000         6.92012208E-08
   1.42999832E-02     2.01529908         1.00000000         6.88262887E-08
   1.43999830E-02     2.02959895         1.00000000         6.82704453E-08
   1.44999828E-02     2.04399896         1.00000000         6.75243328E-08
   1.45999826E-02     2.05849886         1.00000000         6.65786359E-08
   1.46999825E-02     2.07309890         1.00000000         6.54241532E-08
   1.47999823E-02     2.08779883         1.00000000         6.40518181E-08
   1.48999821E-02     2.10259891         1.00000000         6.24527843E-08
   1.49999820E-02     2.11749887         1.00000000         6.06184472E-08
   1.50999818E-02     2.13249874         1.00000000         5.85405076E-08
   1.51999816E-02     2.14759874         1.00000000         5.62110429E-08
   1.52999815E-02     2.16279864         1.00000000         5.36225464E-08
   1.53999813E-02     2.17809868         1.00000000         5.07680546E-08
   1.54999811E-02     2.19349861         1.00000000         4.76411515E-08
   1.55999810E-02     2.20899868         1.00000000         4.42361028E-08
   1.56999808E-02     2.22459865         1.00000000         4.05478779E-08
   1.57999806E-02     2.24029851         1.00000000         3.65722954E-08
   1.58999804E-02     2.25609851         1.00000000         3.23060867E-08
   1.59999803E-02     2.27199841         1.00000000         2.77469692E-08
   1.60999801E-02     2.28799844         1.00000000         2.28937775E-08
   1.61999799E-02     2.30409837         1.00000000         1.77465420E-08
   1.62999798E-02     2.32029843         1.00000000         1.23066091E-08
   1.63999796E-02     2.33659840         1.00000000         6.57673960E-09
   1.64999794E-02     2.35299826         1.00000000         5.61231672E-10
   1.65999793E-02     2.36949825         1.00000000        -5.73396886E-09
   1.66999791E-02     2.38609815         1.00000000        -1.23011441E-08
   1.67999789E-02     2.40279818         1.00000000        -1.91306810E-08
   1.68999787E-02     2.41959810         1.00000000        -2.62109392E-08
   1.69999786E-02     2.43649817         1.00000000        -3.35281278E-08
   1.70999784E-02     2.45349813         1.00000000        -4.10661620E-08
   1.71999782E-02     2.47059822         1.00000000        -4.88065375E-08
   1.72999781E-02     2.48779821         1.00000000        -5.67281617E-08
   1.73999779E-02     2.50509810         1.00000000        -6.48072671E-08
   1.74999777E-02     2.52249813         1.00000000        -7.30172260E-08
   1.75999776E-02     2.53999805         1.00000000        -8.13283805E-08
   1.76999774E-02     2.55759811         1.00000000        -8.97079815E-08
   1.77999772E-02     2.57529807         1.00000000        -9.81199193E-08
   1.78999770E-02     2.59309816         1.00000000        -1.06524716E-07
   1.79999769E-02     2.61099815         1.00000000        -1.14879249E-07
   1.80999767E-02     2.62899804         1.00000000        -1.23136743E-07
   1.81999765E-02     2.64709806         1.00000000        -1.31246480E-07
   1.82999764E-02     2.66529799         1.00000000        -1.39153670E-07
   1.83999762E-02     2.68359804         1.00000000        -1.46799493E-07
   1.84999760E-02     2.70199800         1.00000000        -1.54120684E-07
   1.85999759E-02     2.72049809         1.00000000        -1.61049670E-07
   1.86999757E-02     2.73909807         1.00000000        -1.67514187E-07
   1.87999755E-02     2.75779796         1.00000000        -1.73437400E-07
   1.88999753E-02     2.77659798         1.00000000        -1.78737622E-07
   1.89999752E-02     2.79549789         1.00000000        -1.83328126E-07
   1.90999750E-02     2.81449795         1.00000000        -1.87117365E-07
   1.91999748E-02     2.83359790         1.00000000        -1.90008436E-07
   1.92999747E-02     2.85279799         1.00000000        -1.91899446E-07
   1.93999745E-02     2.87209797         1.00000000        -1.92683018E-07
   1.94999743E-02     2.89149785         1.00000000        -1.92246659E-07
   1.95999742E-02     2.91099787         1.00000000        -1.90472335E-07
   1.96999740E-02     2.93059778         1.00000000        -1.87236409E-07
   1.97999738E-02     2.95029783         1.00000000        -1.82410119E-07
   1.98999736E-02     2.97009778         1.00000000        -1.75858816E-07
   1.99999735E-02     2.98999786         1.00000000        -1.67442963E-07
   2.00999733E-02     3.00999784         1.00000000        -1.57016885E-07
   2.01999731E-02     3.03009772         1.00000000        -1.44430203E-07
   2.02999730E-02     3.05029774         1.00000000        -1.29526839E-07
   2.03999728E-02     3.07059765         1.00000000        -1.12145294E-07
   2.04999726E-02     3.09099770         1.00000000        -9.21194498E-08
   2.05999725E-02     3.11149764         1.00000000        -6.92775686E-08
   2.06999723E-02     3.13209772         1.00000000        -4.34437482E-08
   2.07999721E-02     3.15279770         1.00000000        -1.44367380E-08
   2.08999719E-02     3.17359757         1.00000000         1.79284623E-08
   2.09999718E-02     3.19449759         1.00000000         5.38413794E-08
   2.10999716E-02     3.21549749         1.00000000         9.34959203E-08
   2.11999714E-02     3.23659754         1.00000000         1.37088847E-07
   2.12999713E-02     3.25779748         1.00000000         1.84821076E-07
   2.13999711E-02     3.27909756         1.00000000         2.36895531E-07
   2.14999709E-02     3.30049753         1.00000000         2.93518838E-07
   2.15999708E-02     3.32199740         1.00000000         3.54898532E-07
   2.16999706E-02     3.34359741         1.00000000         4.21244522E-07
   2.17999704E-02     3.36529732         1.00000000         4.92768493E-07
   2.18999702E-02     3.38709736         1.00000000         5.69681390E-07
   2.19999701E-02     3.40899730         1.00000000         6.52195695E-07
   2.20999699E-02     3.43099737         1.00000000         7.40522296E-07
   2.21999697E-02     3.45309734         1.00000000         8.34872026E-07
   2.22999696E-02     3.47529721         1.00000000         9.35452704E-07
   2.23999694E-02     3.49759722         1.00000000         1.04246999E-06
   2.24999692E-02     3.51999712         1.00000000         1.15612750E-06
   2.25999691E-02     3.54249716         1.00000000         1.27662315E-06
   2.26999689E-02     3.56509709         1.00000000         1.40415136E-06
   2.27999687E-02     3.58779716         1.00000000         1.53889982E-06
   2.28999685E-02     3.61059713         1.00000000         1.68105043E-06
   2.29999684E-02     3.63349700         1.00000000         1.83077657E-06
   2.30999682E-02     3.65649700         1.00000000         1.98824432E-06
   2.31999680E-02     3.67959690         1.00000000         2.15361092E-06
   2.32999679E-02     3.70279694         1.00000000         2.32702132E-06
   2.33999677E-02     3.72609687         1.00000000         2.50860990E-06
   2.34999675E-02     3.74949694         1.00000012         2.69849920E-06
   2.35999674E-02     3.77299690         1.00000024         2.89679815E-06
   2.36999672E-02     3.79659677         1.00000036         3.10359928E-06
   2.37999670E-02     3.82029676         1.00000048         3.31898059E-06
   2.38999669E-02     3.84409666         1.00000060         3.54300482E-06
   2.39999667E-02     3.86799669         1.00000072         3.77571428E-06
   2.40999665E-02     3.89199662         1.00000083         4.01713305E-06
   2.41999663E-02     3.91609669         1.00000095         4.26726456E-06
   2.42999662E-02     3.94029665         1.00000107         4.52609220E-06
   2.43999660E-02     3.96459675         1.00000119         4.79357323E-06
   2.44999658E-02     3.98899674         1.00000131         5.06964670E-06
   2.45999657E-02     4.01349688         1.00000143         5.35422032E-06
   2.46999655E-02     4.03809690         1.00000155         5.64718221E-06
   2.47999653E-02     4.06279707         1.00000167         5.94838866E-06
   2.48999652E-02     4.08759689         1.00000179         6.25766916E-06
   2.49999650E-02     4.11249685         1.00000191         6.57482497E-06
   2.50999648E-02     4.13749695         1.00000203         6.89962599E-06
   2.51999646E-02     4.16259718         1.00000226         7.23181438E-06
   2.52999645E-02     4.18779707         1.00000250         7.57109547E-06
   2.53999643E-02     4.21309710         1.00000274         7.91714137E-06
   2.54999641E-02     4.23849726         1.00000298         8.26959877E-06
   2.55999640E-02     4.26399708         1.00000322         8.62807155E-06
   2.56999638E-02     4.28959703         1.00000346         8.99213046E-06
   2.57999636E-02     4.31529713         1.00000370         9.36131346E-06
   2.58999635E-02     4.34109735         1.00000393         9.73512124E-06
   2.59999633E-02     4.36699724         1.00000417         1.01130190E-05
   2.60999631E-02     4.39299726         1.00000441         1.04944302E-05
   2.61999629E-02     4.41909742         1.00000465         1.08787490E-05
   2.62999628E-02     4.44529772         1.00000489         1.12653306E-05
   2.63999626E-02     4.47159767         1.00000525         1.16534902E-05
   2.64999624E-02     4.49799776         1.00000560         1.20425066E-05
   2.65999623E-02     4.52449799         1.00000596         1.24316257E-05
   2.66999621E-02     4.55109835         1.00000632         1.28200591E-05
   2.67999619E-02     4.57779837         1.00000668         1.32069772E-05
   2.68999618E-02     4.60459852         1.00000703         1.35915179E-05
   2.69999616E-02     4.63149881         1.00000739         1.39727917E-05
   2.70999614E-02     4.65849876         1.00000775         1.43498664E-05
   2.71999612E-02     4.68559885         1.00000811         1.47217861E-05
   2.72999611E-02     4.71279907         1.00000846         1.50875649E-05
   2.73999609E-02     4.74009943         1.00000894         1.54461795E-05
   2.74999607E-02     4.76749945         1.00000942         1.57965933E-05
   2.75999606E-02     4.79499960         1.00000989         1.61377357E-05
   2.76999604E-02     4.82259989         1.00001037         1.64685189E-05
   2.77999602E-02     4.85030031         1.00001085         1.67878297E-05
   2.78999601E-02     4.87810040         1.00001132         1.70945368E-05
   2.79999599E-02     4.90600061         1.00001180         1.73874996E-05
   2.80999597E-02     4.93400097         1.00001228         1.76655576E-05
   2.81999595E-02     4.96210146         1.00001276         1.79275485E-05
   2.82999594E-02     4.99030161         1.00001323         1.81722935E-05
   2.83999592E-02     5.01860189         1.00001371         1.83986158E-05
   2.84999590E-02     5.04700232         1.00001419         1.86053421E-05
   2.85999589E-02     5.07550287         1.00001466         1.87912883E-05
   2.86999587E-02     5.10410309         1.00001526         1.89552975E-05
   2.87999585E-02     5.13280344         1.00001585         1.90962128E-05
   2.88999584E-02     5.16160393         1.00001645         1.92128919E-05
   2.89999582E-02     5.19050455         1.00001705         1.93042106E-05
   2.90999580E-02     5.21950483         1.00001764         1.93690685E-05
   2.91999578E-02     5.24860525         1.00001824         1.94063978E-05
   2.92999577E-02     5.27780581         1.00001884         1.94151598E-05
   2.93999575E-02     5.30710649         1.00001943         1.93943488E-05
   2.94999573E-02     5.33650684         1.00002003         1.93429969E-05
   2.95999572E-02     5.36600733         1.00002062         1.92601983E-05
   2.96999570E-02     5.39560795         1.00002122         1.91450763E-05
   2.97999568E-02     5.42530870         1.00002182         1.89968196E-05
   2.98999567E-02     5.45510912         1.00002241         1.88146678E-05
   2.99999565E-02     5.48500967         1.00002301         1.85979425E-05
   3.00999563E-02     5.51501036         1.00002360         1.83460088E-05
   3.01999561E-02     5.54511118         1.00002420         1.80583138E-05
   3.02999560E-02     5.57531166         1.00002468         1.77343845E-05
   3.03999558E-02     5.60561228         1.00002515         1.73738317E-05
   3.04999556E-02     5.63601303         1.00002563         1.69763443E-05
   3.05999555E-02     5.66651392         1.00002611         1.65416859E-05
   3.06999553E-02     5.69711447         1.00002658         1.60697364E-05
   3.07999551E-02     5.72781515         1.00002706         1.55604685E-05
   3.08999550E-02     5.75861597         1.00002754         1.50139340E-05
   3.09999548E-02     5.78951693         1.00002801         1.44302994E-05
   3.10999546E-02     5.82051754         1.00002849         1.38098294E-05
   3.11999545E-02     5.85161829         1.00002885         1.31529177E-05
   3.12999561E-02     5.88281918         1.00002921         1.24600356E-05
   3.13999578E-02     5.91412020         1.00002956         1.17317768E-05
   3.14999595E-02     5.94552088         1.00002992         1.09688472E-05
   3.15999612E-02     5.97702169         1.00003028         1.01720834E-05
   3.16999629E-02     6.00862265         1.00003052         9.34239779E-06
   3.17999646E-02     6.04032373         1.00003076         8.48084346E-06
   3.18999663E-02     6.07212448         1.00003099         7.58857323E-06
   3.19999680E-02     6.10402536         1.00003123         6.66687674E-06
   3.20999697E-02     6.13602638         1.00003147         5.71712189E-06
   3.21999714E-02     6.16812754         1.00003159         4.74079798E-06
   3.22999731E-02     6.20032835         1.00003171         3.73950570E-06
   3.23999748E-02     6.23262930         1.00003183         2.71496378E-06
   3.24999765E-02     6.26503038         1.00003183         1.66896143E-06
   3.25999781E-02     6.29753160         1.00003183         6.03401475E-07
   3.26999798E-02     6.33013248         1.00003183        -4.79720484E-07
   3.27999815E-02     6.36283350         1.00003183        -1.57830380E-06
   3.28999832E-02     6.39563465         1.00003171        -2.69019620E-06
   3.29999849E-02     6.42853546         1.00003159        -3.81315158E-06
   3.30999866E-02     6.46153641         1.00003147        -4.94483584E-06
   3.31999883E-02     6.49463749         1.00003123        -6.08288292E-06
   3.32999900E-02     6.52783871         1.00003099        -7.22485174E-06
   3.33999917E-02     6.56113958         1.00003076        -8.36825075E-06
   3.34999934E-02     6.59454060         1.00003040        -9.51052880E-06
   3.35999951E-02     6.62804174         1.00003004        -1.06491370E-05
   3.36999968E-02     6.66164255         1.00002968        -1.17814780E-05
   3.37999985E-02     6.69534349         1.00002921        -1.29049304E-05
   3.39000002E-02     6.72914457         1.00002873        -1.40168831E-05
   3.40000018E-02     6.76304531         1.00002825        -1.51147306E-05
   3.41000035E-02     6.79704618         1.00002766        -1.61958487E-05
   3.42000052E-02     6.83114719         1.00002706        -1.72576711E-05
   3.43000069E-02     6.86534834         1.00002646        -1.82976437E-05
   3.44000086E-02     6.89964914         1.00002575        -1.93132601E-05
   3.45000103E-02     6.93405008         1.00002503        -2.03020518E-05
   3.46000120E-02     6.96855116         1.00002432        -2.12616305E-05
   3.47000137E-02     7.00315189         1.00002360        -2.21896735E-05
   3.48000154E-02     7.03785276         1.00002277        -2.30839305E-05
   3.49000171E-02     7.07265377         1.00002193        -2.39422552E-05
   3.50000188E-02     7.10755444         1.00002110        -2.47625976E-05
   3.51000205E-02     7.14255524         1.00002027        -2.55430041E-05
   3.52000222E-02     7.17765617         1.00001931        -2.62816648E-05
   3.53000239E-02     7.21285677         1.00001836        -2.69768789E-05
   3.54000255E-02     7.24815750         1.00001740        -2.76270639E-05
   3.55000272E-02     7.28355789         1.00001645        -2.82308119E-05
   3.56000289E-02     7.31905842         1.00001538        -2.87868370E-05
   3.57000306E-02     7.35465908         1.00001431        -2.92940149E-05
   3.58000323E-02     7.39035940         1.00001323        -2.97513907E-05
   3.59000340E-02     7.42615986         1.00001216        -3.01581367E-05
   3.60000357E-02     7.46206045         1.00001109        -3.05136327E-05
   3.61000374E-02     7.49806070         1.00001001        -3.08174021E-05
   3.62000391E-02     7.53416109         1.00000894        -3.10691357E-05
   3.63000408E-02     7.57036161         1.00000787        -3.12687043E-05
   3.64000425E-02     7.60666180         1.00000668        -3.14161516E-05
   3.65000442E-02     7.64306211         1.00000548        -3.15116740E-05
   3.66000459E-02     7.67956209         1.00000429        -3.15556572E-05
   3.67000476E-02     7.71616220         1.00000310        -3.15486286E-05
   3.68000492E-02     7.75286245         1.00000191        -3.14912904E-05
   3.69000509E-02     7.78966236         1.00000072        -3.13844830E-05
   3.70000526E-02     7.82656240        0.999999583        -3.12292104E-05
   3.71000543E-02     7.86356258        0.999998450        -3.10266005E-05
   3.72000560E-02     7.90066242        0.999997318        -3.07779228E-05
   3.73000577E-02     7.93786240        0.999996185        -3.04845653E-05
   3.74000594E-02     7.97516251        0.999995053        -3.01480304E-05
   3.75000611E-02     8.01256275        0.999993920        -2.97698989E-05
   3.76000628E-02     8.05006218        0.999992847        -2.93518715E-05
   3.77000645E-02     8.08766174        0.999991775        -2.88957090E-05
   3.78000662E-02     8.12536144        0.999990702        -2.84032321E-05
   3.79000679E-02     8.16316128        0.999989629        -2.78763036E-05
   3.80000696E-02     8.20106125        0.999988616        -2.73168371E-05
   3.81000713E-02     8.23906040        0.999987602        -2.67267424E-05
   3.82000729E-02     8.27715969        0.999986589        -2.61079531E-05
   3.83000746E-02     8.31535912        0.999985635        -2.54623701E-05
   3.84000763E-02     8.35365868        0.999984682        -2.47918670E-05
   3.85000780E-02     8.39205837        0.999983728        -2.40982808E-05
   3.86000797E-02     8.43055820        0.999982834        -2.33833871E-05
   3.87000814E-02     8.46915722        0.999981940        -2.26488755E-05
   3.88000831E-02     8.50785637        0.999981105        -2.18963723E-05
   3.89000848E-02     8.54665565        0.999980271        -2.11273546E-05
   3.90000865E-02     8.58555508        0.999979496        -2.03432101E-05
   3.91000882E-02     8.62455463        0.999978721        -1.95451830E-05
   3.92000899E-02     8.66365433        0.999978006        -1.87343721E-05
   3.93000916E-02     8.70285320        0.999977291        -1.79117269E-05
   3.94000933E-02     8.74215221        0.999976635        -1.70780495E-05
   3.95000950E-02     8.78155136        0.999975979        -1.62339220E-05
   3.96000966E-02     8.82105064        0.999975383        -1.53797755E-05
   3.97000983E-02     8.86065006        0.999974787        -1.45158419E-05
   3.98001000E-02     8.90034866        0.999974251        -1.36421722E-05
   3.99001017E-02     8.94014740        0.999973714        -1.27586409E-05
   4.00001034E-02     8.98004627        0.999973238        -1.18648886E-05
   4.01001051E-02     9.02004528        0.999972820        -1.09603834E-05
   4.02001068E-02     9.06014442        0.999972403        -1.00444076E-05
   4.03001085E-02     9.10034370        0.999972045        -9.11606094E-06
   4.04001102E-02     9.14064312        0.999971688        -8.17426826E-06
   4.05001119E-02     9.18104172        0.999971390        -7.21778633E-06
   4.06001136E-02     9.22154045        0.999971151        -6.24525273E-06
   4.07001153E-02     9.26213932        0.999970913        -5.25511223E-06
   4.08001170E-02     9.30283833        0.999970734        -4.24571317E-06
   4.09001186E-02     9.34363747        0.999970615        -3.21530229E-06
   4.10001203E-02     9.38453674        0.999970555        -2.16204126E-06
   4.11001220E-02     9.42553520        0.999970496        -1.08403231E-06
   4.12001237E-02     9.46663380        0.999970496         2.06319157E-08
   4.13001254E-02     9.50783253        0.999970555         1.15392208E-06
   4.14001271E-02     9.54913139        0.999970675         2.31776608E-06
   4.15001288E-02     9.59053040        0.999970794         3.51404583E-06
   4.16001305E-02     9.63202953        0.999970973         4.74456829E-06
   4.17001322E-02     9.67362881        0.999971211         6.01103511E-06
   4.18001339E-02     9.71532822        0.999971509         7.31500677E-06
   4.19001356E-02     9.75712681        0.999971867         8.65787752E-06
   4.20001373E-02     9.79902554        0.999972284         1.00408033E-05
   4.21001390E-02     9.84102440        0.999972761         1.14647673E-05
   4.22001407E-02     9.88312340        0.999973297         1.29304563E-05
   4.23001423E-02     9.92532253        0.999973893         1.44382520E-05
   4.24001440E-02     9.96762180        0.999974549         1.59882111E-05
   4.25001457E-02     10.0100212        0.999975324         1.75800196E-05
   4.26001474E-02     10.0525208        0.999976158         1.92129901E-05
   4.27001491E-02     10.0951195        0.999977052         2.08860001E-05
   4.28001508E-02     10.1378183        0.999978006         2.25974709E-05
   4.29001525E-02     10.1806173        0.999979019         2.43454215E-05
   4.30001542E-02     10.2235165        0.999980152         2.61273417E-05
   4.31001559E-02     10.2665157        0.999981344         2.79402284E-05
   4.32001576E-02     10.3096151        0.999982655         2.97805709E-05
   4.33001593E-02     10.3528147        0.999984026         3.16443402E-05
   4.34001610E-02     10.3961143        0.999985456         3.35269615E-05
   4.35001627E-02     10.4395142        0.999987006         3.54233453E-05
   4.36001644E-02     10.4830141        0.999988616         3.73278526E-05
   4.37001660E-02     10.5266142        0.999990344         3.92343463E-05
   4.38001677E-02     10.5703144        0.999992132         4.11361580E-05
   4.39001694E-02     10.6141148        0.999994040         4.30261352E-05
   4.40001711E-02     10.6580143        0.999996006         4.48966421E-05
   4.41001728E-02     10.7020140        0.999998093         4.67395803E-05
   4.42001745E-02     10.7461138         1.00000024         4.85464552E-05
   4.43001762E-02     10.7903137         1.00000250         5.03083975E-05
   4.44001779E-02     10.8346138         1.00000477         5.20161630E-05
   4.45001796E-02     10.8790140         1.00000715         5.36602165E-05
   4.46001813E-02     10.9235144         1.00000966         5.52307683E-05
   4.47001830E-02     10.9681149         1.00001216         5.67178431E-05
   4.48001847E-02     11.0128155         1.00001478         5.81113018E-05
   4.49001864E-02     11.0576162         1.00001740         5.94009616E-05
   4.50001881E-02     11.1025171         1.00002015         6.05765745E-05
   4.51001897E-02     11.1475182         1.00002289         6.16279576E-05
   4.52001914E-02     11.1926193         1.00002575         6.25451066E-05
   4.53001931E-02     11.2378206         1.00002861         6.33181189E-05
   4.54001948E-02     11.2831221         1.00003147         6.39374557E-05
   4.55001965E-02     11.3285236         1.00003445         6.43938256E-05
   4.56001982E-02     11.3740253         1.00003743         6.46784320E-05
   4.57001999E-02     11.4196272         1.00004041         6.47829511E-05
   4.58002016E-02     11.4653292         1.00004339         6.46996268E-05
   4.59002033E-02     11.5111313         1.00004637         6.44213505E-05
   4.60002050E-02     11.5570335         1.00004935         6.39417194E-05
   4.61002067E-02     11.6030359         1.00005221         6.32551382E-05
   4.62002084E-02     11.6491385         1.00005507         6.23568849E-05
   4.63002101E-02     11.6953411         1.00005794         6.12430958E-05
   4.64002118E-02     11.7416439         1.00006068         5.99109517E-05
   4.65002134E-02     11.7880468         1.00006342         5.83586188E-05
   4.66002151E-02     11.8345499         1.00006604         5.65853479E-05
   4.67002168E-02     11.8811531         1.00006855         5.45915173E-05
   4.68002185E-02     11.9278564         1.00007105         5.23786694E-05
   4.69002202E-02     11.9746599         1.00007343         4.99495000E-05
   4.70002219E-02     12.0215635         1.00007570         4.73079454E-05
   4.71002236E-02     12.0685673         1.00007784         4.44591133E-05
   4.72002253E-02     12.1156712         1.00007975         4.14093520E-05
   4.73002270E-02     12.1628752         1.00008154         3.81662212E-05
   4.74002287E-02     12.2101793         1.00008321         3.47384557E-05
   4.75002304E-02     12.2575836         1.00008464         3.11359836E-05
   4.76002321E-02     12.3050880         1.00008595         2.73698442E-05
   4.77002338E-02     12.3526926         1.00008702         2.34521867E-05
   4.78002355E-02     12.4003973         1.00008798         1.93962023E-05
   4.79002371E-02     12.4482021         1.00008869         1.52160565E-05
   4.80002388E-02     12.4961071         1.00008917         1.09268176E-05
   4.81002405E-02     12.5441113         1.00008953         6.54439555E-06
   4.82002422E-02     12.5922155         1.00008965         2.08553593E-06
   4.83002439E-02     12.6404200         1.00008953        -2.43254567E-06
   4.84002456E-02     12.6887245         1.00008917        -6.99199427E-06
   4.85002473E-02     12.7371292         1.00008857        -1.15745042E-05
   4.86002490E-02     12.7856340         1.00008774        -1.61614444E-05
   4.87002507E-02     12.8342381         1.00008678        -2.07339581E-05
   4.88002524E-02     12.8829422         1.00008559        -2.52730042E-05
   4.89002541E-02     12.9317465         1.00008416        -2.97597508E-05
   4.90002558E-02     12.9806509         1.00008249        -3.41754167E-05
   4.91002575E-02     13.0296555         1.00008059        -3.85014973E-05
   4.92002591E-02     13.0787592         1.00007844        -4.27198793E-05
   4.93002608E-02     13.1279631         1.00007617        -4.68128746E-05
   4.94002625E-02     13.1772671         1.00007367        -5.07636250E-05
   4.95002642E-02     13.2266712         1.00007093        -5.45559160E-05
   4.96002659E-02     13.2761745         1.00006807        -5.81744025E-05
   4.97002676E-02     13.3257780         1.00006497        -6.16046163E-05
   4.98002693E-02     13.3754816         1.00006175        -6.48333298E-05
   4.99002710E-02     13.4252844         1.00005841        -6.78483484E-05
   5.00002727E-02     13.4751873         1.00005484        -7.06386490E-05
   5.01002744E-02     13.5251904         1.00005114        -7.31946348E-05
   5.02002761E-02     13.5752926         1.00004733        -7.55079964E-05
   5.03002778E-02     13.6254950         1.00004339        -7.75717635E-05
   5.04002795E-02     13.6757975         1.00003946        -7.93805011E-05
   5.05002812E-02     13.7261992         1.00003541        -8.09301346E-05
   5.06002828E-02     13.7767010         1.00003123        -8.22180664E-05
   5.07002845E-02     13.8273029         1.00002706        -8.32431542E-05
   5.08002862E-02     13.8780041         1.00002277        -8.40056673E-05
   5.09002879E-02     13.9288054         1.00001848        -8.45072718E-05
   5.10002896E-02     13.9797068         1.00001419        -8.47509800E-05
   5.11002913E-02     14.0307074         1.00000989        -8.47410920E-05
   5.12002930E-02     14.0818081         1.00000560        -8.44830865E-05
   5.13002947E-02     14.1330080         1.00000131        -8.39836066E-05
   5.14002964E-02     14.1843081        0.999997020        -8.32503138E-05
   5.15002981E-02     14.2357082        0.999992788        -8.22917791E-05
   5.16002998E-02     14.2872076        0.999988616        -8.11173886E-05
   5.17003015E-02     14.3388071        0.999984503        -7.97372631E-05
   5.18003032E-02     14.3905067        0.999980450        -7.81620183E-05
   5.19003049E-02     14.4423056        0.999976516        -7.64027354E-05
   5.20003065E-02     14.4942045        0.999972641        -7.44707868E-05
   5.21003082E-02     14.5462036        0.999968886        -7.23776830E-05
   5.22003099E-02     14.5983019        0.999965250        -7.01349563E-05
   5.23003116E-02     14.6505003        0.999961734        -6.77540665E-05
   5.24003133E-02     14.7027988        0.999958336        -6.52461677E-05
   5.25003150E-02     14.7551966        0.999955058        -6.26220135E-05
   5.26003167E-02     14.8076944        0.999951899        -5.98919505E-05
   5.27003184E-02     14.8602924        0.999948919        -5.70656484E-05
   5.28003201E-02     14.9129896        0.999946058        -5.41520676E-05
   5.29003218E-02     14.9657869        0.999943376        -5.11594408E-05
   5.30003235E-02     15.0186844        0.999940813        -4.80950366E-05
   5.31003252E-02     15.0716810        0.999938428        -4.49652180E-05
   5.32003269E-02     15.1247778        0.999936223        -4.17754381E-05
   5.33003286E-02     15.1779747        0.999934196        -3.85300409E-05
   5.34003302E-02     15.2312717        0.999932289        -3.52323914E-05
   5.35003319E-02     15.2846680        0.999930561        -3.18848470E-05
   5.36003336E-02     15.3381643        0.999929011        -2.84888538E-05
   5.37003353E-02     15.3917608        0.999927640        -2.50447902E-05
   5.38003370E-02     15.4454575        0.999926507        -2.15522286E-05
   5.39003387E-02     15.4992542        0.999925554        -1.80099396E-05
   5.40003404E-02     15.5531502        0.999924779        -1.44160040E-05
   5.41003421E-02     15.6071463        0.999924183        -1.07679916E-05
   5.42003438E-02     15.6612425        0.999923825        -7.06289347E-06
   5.43003455E-02     15.7154388        0.999923646        -3.29747104E-06
   5.44003472E-02     15.7697353        0.999923646         5.31661669E-07
   5.45003489E-02     15.8241320        0.999923885         4.42786222E-06
   5.46003506E-02     15.8786278        0.999924362         8.39428412E-06
   5.47003523E-02     15.9332237        0.999925017         1.24336220E-05
   5.48003539E-02     15.9879198        0.999925911         1.65481324E-05
   5.49003556E-02     16.0427170        0.999927044         2.07392495E-05
   5.50003573E-02     16.0976143        0.999928415         2.50075100E-05
   5.51003590E-02     16.1526108        0.999930024         2.93521825E-05
   5.52003607E-02     16.2077065        0.999931872         3.37712409E-05
   5.53003624E-02     16.2629032        0.999933958         3.82612343E-05
   5.54003641E-02     16.3181992        0.999936342         4.28172316E-05
   5.55003658E-02     16.3735962        0.999938965         4.74322733E-05
   5.56003675E-02     16.4290924        0.999941885         5.20977665E-05
   5.57003692E-02     16.4846897        0.999945045         5.68028918E-05
   5.58003709E-02     16.5403881        0.999948502         6.15350218E-05
   5.59003726E-02     16.5961857        0.999952197         6.62793173E-05
   5.60003743E-02     16.6520844        0.999956191         7.10186796E-05
   5.61003760E-02     16.7080822        0.999960423         7.57341331E-05
   5.62003776E-02     16.7641811        0.999964952         8.04044248E-05
   5.63003793E-02     16.8203793        0.999969721         8.50064825E-05
   5.64003810E-02     16.8766785        0.999974787         8.95151534E-05
   5.65003827E-02     16.9330769        0.999980092         9.39037127E-05
   5.66003844E-02     16.9895763        0.999985635         9.81435951E-05
   5.67003861E-02     17.0461769        0.999991417         1.02205064E-04
   5.68003878E-02     17.1028767        0.999997437         1.06057101E-04
   5.69003895E-02     17.1596775         1.00000370         1.09667715E-04
   5.70003912E-02     17.2165775         1.00001013         1.13004360E-04
   5.71003929E-02     17.2735786         1.00001669         1.16034098E-04
   5.72003946E-02     17.3306808         1.00002348         1.18724005E-04
   5.73003963E-02     17.3878822         1.00003040         1.21041536E-04
   5.74003980E-02     17.4451847         1.00003743         1.22954778E-04
   5.75003996E-02     17.5025883         1.00004458         1.24432874E-04
   5.76004013E-02     17.5600910         1.00005186         1.25446473E-04
   5.77004030E-02     17.6176949         1.00005913         1.25968028E-04
   5.78004047E-02     17.6753998         1.00006640         1.25972118E-04
   5.79004064E-02     17.7332039         1.00007367         1.25435909E-04
   5.80004081E-02     17.7911091         1.00008082         1.24339553E-04
   5.81004098E-02     17.8491154         1.00008798         1.22666286E-04
   5.82004115E-02     17.9072208         1.00009501         1.20402983E-04
   5.83004132E-02     17.9654274         1.00010180         1.17540476E-04
   5.84004149E-02     18.0237350         1.00010848         1.14073468E-04
   5.85004166E-02     18.0821419         1.00011492         1.10001012E-04
   5.86004183E-02     18.1406498         1.00012112         1.05326908E-04
   5.87004200E-02     18.1992569         1.00012696         1.00059209E-04
   5.88004217E-02     18.2579651         1.00013244         9.42110419E-05
   5.89004233E-02     18.3167744         1.00013757         8.77998536E-05
   5.90004250E-02     18.3756828         1.00014234         8.08480690E-05
   5.91004267E-02     18.4346924         1.00014663         7.33829729E-05
   5.92004284E-02     18.4938011         1.00015044         6.54359828E-05
   5.93004301E-02     18.5530109         1.00015378         5.70433840E-05
   5.94004318E-02     18.6123199         1.00015664         4.82450523E-05
   5.95004335E-02     18.6717300         1.00015891         3.90853711E-05
   5.96004352E-02     18.7312393         1.00016069         2.96116687E-05
   5.97004369E-02     18.7908497         1.00016189         1.98750786E-05
   5.98004386E-02     18.8505592         1.00016248         9.92892183E-06
   5.99004403E-02     18.9103699         1.00016248        -1.70516444E-07
   6.00004420E-02     18.9702797         1.00016189        -1.03657294E-05
   6.01004437E-02     19.0302906         1.00016069        -2.05972119E-05
   6.02004454E-02     19.0904007         1.00015879        -3.08052731E-05
   6.03004470E-02     19.1506100         1.00015628        -4.09293134E-05
   6.04004487E-02     19.2109203         1.00015318        -5.09093479E-05
   6.05004504E-02     19.2713299         1.00014949        -6.06864996E-05
   6.06004521E-02     19.3318386         1.00014520        -7.02027100E-05
   6.07004538E-02     19.3924484         1.00014043        -7.94021253E-05
   6.08004555E-02     19.4531574         1.00013506        -8.82316672E-05
   6.09004572E-02     19.5139656         1.00012922        -9.66406078E-05
   6.10004589E-02     19.5748730         1.00012290        -1.04581894E-04
   6.11004606E-02     19.6358814         1.00011611        -1.12012356E-04
   6.12004623E-02     19.6969891         1.00010884        -1.18893229E-04
   6.13004640E-02     19.7581959         1.00010121        -1.25189836E-04
   6.14004657E-02     19.8195019         1.00009322        -1.30872504E-04
   6.15004674E-02     19.8809071         1.00008488        -1.35916562E-04
   6.16004691E-02     19.9424114         1.00007629        -1.40302567E-04
   6.17004707E-02     20.0040169         1.00006747        -1.44016245E-04
   6.18004724E-02     20.0657215         1.00005841        -1.47048748E-04
   6.19004741E-02     20.1275253         1.00004923        -1.49396117E-04
   6.20004758E-02     20.1894283         1.00003994        -1.51059590E-04
   6.21004775E-02     20.2514305         1.00003052        -1.52045352E-04
   6.22004792E-02     20.3135319         1.00002110        -1.52364184E-04
   6.23004809E-02     20.3757324         1.00001168        -1.52031265E-04
   6.24004826E-02     20.4380322         1.00000226        -1.51065731E-04
   6.25004843E-02     20.5004330        0.999992907        -1.49490254E-04
   6.26004860E-02     20.5629330        0.999983728        -1.47330618E-04
   6.27004877E-02     20.6255322        0.999974668        -1.44615318E-04
   6.28004894E-02     20.6882305        0.999965787        -1.41374898E-04
   6.29004911E-02     20.7510281        0.999957144        -1.37641589E-04
   6.30004928E-02     20.8139248        0.999948740        -1.33448644E-04
   6.31004944E-02     20.8769207        0.999940634        -1.28829866E-04
   6.32004961E-02     20.9400177        0.999932826        -1.23819074E-04
   6.33004978E-02     21.0032139        0.999925315        -1.18449461E-04
   6.34004995E-02     21.0665092        0.999918163        -1.12753478E-04
   6.35005012E-02     21.1299038        0.999911368        -1.06762047E-04
   6.36005029E-02     21.1933975        0.999904990        -1.00504294E-04
   6.37005046E-02     21.2569923        0.999899030        -9.40072132E-05
   6.38005063E-02     21.3206863        0.999893486        -8.72951496E-05
   6.39005080E-02     21.3844795        0.999888361        -8.03902003E-05
   6.40005097E-02     21.4483719        0.999883652        -7.33114794E-05
   6.41005114E-02     21.5123653        0.999879420        -6.60751975E-05
   6.42005131E-02     21.5764580        0.999875665        -5.86945971E-05
   6.43005148E-02     21.6406498        0.999872386        -5.11805047E-05
   6.44005165E-02     21.7049427        0.999869585        -4.35409347E-05
   6.45005181E-02     21.7693348        0.999867260        -3.57813224E-05
   6.46005198E-02     21.8338261        0.999865472        -2.79054821E-05
   6.47005215E-02     21.8984184        0.999864161        -1.99153092E-05
   6.48005232E-02     21.9631100        0.999863386        -1.18112121E-05
   6.49005249E-02     22.0279007        0.999863148        -3.59329965E-06
   6.50005266E-02     22.0927925        0.999863446         4.73879072E-06
   6.51005283E-02     22.1577835        0.999864280         1.31853494E-05
   6.52005300E-02     22.2228756        0.999865711         2.17452616E-05
   6.53005317E-02     22.2880669        0.999867678         3.04163987E-05
   6.54005334E-02     22.3533592        0.999870241         3.91940339E-05
   6.55005351E-02     22.4187508        0.999873400         4.80712624E-05
   6.56005368E-02     22.4842434        0.999877155         5.70374395E-05
   6.57005385E-02     22.5498352        0.999881506         6.60786754E-05
   6.58005401E-02     22.6155281        0.999886453         7.51763801E-05
   6.59005418E-02     22.6813221        0.999891996         8.43078888E-05
   6.60005435E-02     22.7472153        0.999898136         9.34452983E-05
   6.61005452E-02     22.8132095        0.999904931         1.02555416E-04
   6.62005469E-02     22.8793049        0.999912322         1.11600224E-04
   6.63005486E-02     22.9454994        0.999920309         1.20536126E-04
   6.64005503E-02     23.0117950        0.999928892         1.29314227E-04
   6.65005520E-02     23.0781918        0.999938071         1.37880867E-04
   6.66005537E-02     23.1446896        0.999947786         1.46177583E-04
   6.67005554E-02     23.2112865        0.999958038         1.54141584E-04
   6.68005571E-02     23.2779846        0.999968827         1.61706266E-04
   6.69005588E-02     23.3447838        0.999980092         1.68802188E-04
   6.70005605E-02     23.4116840        0.999991834         1.75357432E-04
   6.71005622E-02     23.4786854         1.00000393         1.81298630E-04
   6.72005638E-02     23.5457878         1.00001645         1.86551901E-04
   6.73005655E-02     23.6129894         1.00002933         1.91043786E-04
   6.74005672E-02     23.6802921         1.00004244         1.94702458E-04
   6.75005689E-02     23.7476959         1.00005579         1.97458634E-04
   6.76005706E-02     23.8152008         1.00006926         1.99246890E-04
   6.77005723E-02     23.8828068         1.00008273         2.00006631E-04
   6.78005740E-02     23.9505138         1.00009620         1.99683331E-04
   6.79005757E-02     24.0183220         1.00010967         1.98229565E-04
   6.80005774E-02     24.0862312         1.00012290         1.95605986E-04
   6.81005791E-02     24.1542416         1.00013590         1.91782368E-04
   6.82005808E-02     24.2223530         1.00014865         1.86738500E-04
   6.83005825E-02     24.2905655         1.00016093         1.80464805E-04
   6.84005842E-02     24.3588772         1.00017273         1.72963104E-04
   6.85005859E-02     24.4272900         1.00018394         1.64247263E-04
   6.86005875E-02     24.4958038         1.00019455         1.54342764E-04
   6.87005892E-02     24.5644188         1.00020432         1.43287703E-04
   6.88005909E-02     24.6331348         1.00021338         1.31132401E-04
   6.89005926E-02     24.7019501         1.00022149         1.17939337E-04
   6.90005943E-02     24.7708664         1.00022864         1.03783153E-04
   6.91005960E-02     24.8398838         1.00023472         8.87488495E-05
   6.92005977E-02     24.9090004         1.00023973         7.29323583E-05
   6.93005994E-02     24.9782181         1.00024366         5.64395596E-05
   6.94006011E-02     25.0475349         1.00024641         3.93840564E-05
   6.95006028E-02     25.1169529         1.00024796         2.18876721E-05
   6.96006045E-02     25.1864700         1.00024819         4.07733069E-06
   6.97006062E-02     25.2560883         1.00024724        -1.39144759E-05
   6.98006079E-02     25.3258057         1.00024498        -3.19531428E-05
   6.99006096E-02     25.3956223         1.00024152        -4.99015478E-05
   7.00006112E-02     25.4655399         1.00023675        -6.76231721E-05
   7.01006129E-02     25.5355568         1.00023079        -8.49836579E-05
   7.02006146E-02     25.6056728         1.00022364        -1.01851023E-04
   7.03006163E-02     25.6758881         1.00021529        -1.18098644E-04
   7.04006180E-02     25.7462025         1.00020587        -1.33606285E-04
   7.05006197E-02     25.8166161         1.00019538        -1.48261446E-04
   7.06006214E-02     25.8871288         1.00018394        -1.61960750E-04
   7.07006231E-02     25.9577408         1.00017166        -1.74610948E-04
   7.08006248E-02     26.0284519         1.00015855        -1.86129997E-04
   7.09006265E-02     26.0992622         1.00014460        -1.96447756E-04
   7.10006282E-02     26.1701717         1.00013006        -2.05506716E-04
   7.11006299E-02     26.2411804         1.00011492        -2.13262261E-04
   7.12006316E-02     26.3122883         1.00009930        -2.19682959E-04
   7.13006333E-02     26.3834953         1.00008333        -2.24750489E-04
   7.14006349E-02     26.4548016         1.00006700        -2.28459408E-04
   7.15006366E-02     26.5262051         1.00005054        -2.30816717E-04
   7.16006383E-02     26.5977077         1.00003397        -2.31841099E-04
   7.17006400E-02     26.6693096         1.00001740        -2.31562473E-04
   7.18006417E-02     26.7410107         1.00000095        -2.30020611E-04
   7.19006434E-02     26.8128109        0.999984622        -2.27264085E-04
   7.20006451E-02     26.8847084        0.999968588        -2.23349023E-04
   7.21006468E-02     26.9567051        0.999952853        -2.18338071E-04
   7.22006485E-02     27.0288010        0.999937534        -2.12298532E-04
   7.23006502E-02     27.1009960        0.999922693        -2.05301098E-04
   7.24006519E-02     27.1732903        0.999908447        -1.97418631E-04
   7.25006536E-02     27.2456837        0.999894798        -1.88724414E-04
   7.26006553E-02     27.3181763        0.999881804        -1.79291121E-04
   7.27006570E-02     27.3907681        0.999869525        -1.69189429E-04
   7.28006586E-02     27.4634590        0.999858022        -1.58486946E-04
   7.29006603E-02     27.5362492        0.999847293        -1.47247250E-04
   7.30006620E-02     27.6091385        0.999837399        -1.35529030E-04
   7.31006637E-02     27.6821270        0.999828398        -1.23385616E-04
   7.32006654E-02     27.7552147        0.999820292        -1.10864465E-04
   7.33006671E-02     27.8284016        0.999813139        -9.80070836E-05
   7.34006688E-02     27.9016876        0.999806941        -8.48489581E-05
   7.35006705E-02     27.9750729        0.999801695        -7.14199268E-05
   7.36006722E-02     28.0485592        0.999797463        -5.77446190E-05
   7.37006739E-02     28.1221447        0.999794245        -4.38427633E-05
   7.38006756E-02     28.1958294        0.999792039        -2.97311417E-05
   7.39006773E-02     28.2696152        0.999790907        -1.54235731E-05
   7.40006790E-02     28.3435001        0.999790847        -9.32050796E-07
   7.41006806E-02     28.4174862        0.999791861         1.37308434E-05
   7.42006823E-02     28.4915714        0.999793947         2.85520800E-05
   7.43006840E-02     28.5657578        0.999797165         4.35152942E-05
   7.44006857E-02     28.6400433        0.999801517         5.86008900E-05
   7.45006874E-02     28.7144299        0.999807000         7.37831797E-05
   7.46006891E-02     28.7889175        0.999813616         8.90306110E-05
   7.47006908E-02     28.8635044        0.999821424         1.04303537E-04
   7.48006925E-02     28.9381924        0.999830365         1.19553210E-04
   7.49006942E-02     29.0129814        0.999840438         1.34722068E-04
   7.50006959E-02     29.0878716        0.999851644         1.49742147E-04
   7.51006976E-02     29.1628628        0.999863982         1.64535028E-04
   7.52006993E-02     29.2379551        0.999877453         1.79011957E-04
   7.53007010E-02     29.3131485        0.999891996         1.93074025E-04
   7.54007027E-02     29.3884430        0.999907553         2.06612734E-04
   7.55007043E-02     29.4638386        0.999924123         2.19511014E-04
   7.56007060E-02     29.5393353        0.999941587         2.31644211E-04
   7.57007077E-02     29.6149330        0.999959946         2.42881753E-04
   7.58007094E-02     29.6906319        0.999979079         2.53088801E-04
   7.59007111E-02     29.7664318        0.999998927         2.62128335E-04
   7.60007128E-02     29.8423347         1.00001943         2.69863260E-04
   7.61007145E-02     29.9183388         1.00004041         2.76158942E-04
   7.62007162E-02     29.9944439         1.00006175         2.80885492E-04
   7.63007179E-02     30.0706501         1.00008333         2.83920672E-04
   7.64007196E-02     30.1469593         1.00010514         2.85152288E-04
   7.65007213E-02     30.2233696         1.00012684         2.84480804E-04
   7.66007230E-02     30.2998810         1.00014842         2.81822024E-04
   7.67007247E-02     30.3764954         1.00016963         2.77109240E-04
   7.68007264E-02     30.4532108         1.00019038         2.70295393E-04
   7.69007280E-02     30.5300274         1.00021040         2.61355250E-04
   7.70007297E-02     30.6069450         1.00022960         2.50286714E-04
   7.71007314E-02     30.6839657         1.00024784         2.37112021E-04
   7.72007331E-02     30.7610874         1.00026500         2.21878305E-04
   7.73007348E-02     30.8383102         1.00028086         2.04659125E-04
   7.74007365E-02     30.9156342         1.00029516         1.85553319E-04
   7.75007382E-02     30.9930592         1.00030792         1.64684840E-04
   7.76007399E-02     31.0705853         1.00031888         1.42201839E-04
   7.77007416E-02     31.1482105         1.00032806         1.18275268E-04
   7.78007433E-02     31.2259369         1.00033534         9.30975075E-05
   7.79007450E-02     31.3037643         1.00034058         6.68784705E-05
   7.80007467E-02     31.3816910         1.00034368         3.98445591E-05
   7.81007484E-02     31.4597187         1.00034463         1.22359643E-05
   7.82007501E-02     31.5378456         1.00034344        -1.56987553E-05
   7.83007517E-02     31.6160736         1.00033998        -4.37033705E-05
   7.84007534E-02     31.6944008         1.00033438        -7.15203496E-05
   7.85007551E-02     31.7728271         1.00032663        -9.88918109E-05
   7.86007568E-02     31.8513527         1.00031674        -1.25565290E-04
   7.87007585E-02     31.9299774         1.00030482        -1.51296656E-04
   7.88007602E-02     32.0087013         1.00029099        -1.75853653E-04
   7.89007619E-02     32.0875244         1.00027525        -1.99019021E-04
   7.90007636E-02     32.1664467         1.00025785        -2.20593734E-04
   7.91007653E-02     32.2454681         1.00023890        -2.40399197E-04
   7.92007670E-02     32.3245850         1.00021851        -2.58279819E-04
   7.93007687E-02     32.4038010         1.00019681        -2.74103921E-04
   7.94007704E-02     32.4831161         1.00017405        -2.87767441E-04
   7.95007721E-02     32.5625305         1.00015032        -2.99191946E-04
   7.96007738E-02     32.6420403         1.00012577        -3.08326096E-04
   7.97007754E-02     32.7216492         1.00010073        -3.15144513E-04
   7.98007771E-02     32.8013573         1.00007522        -3.19648912E-04
   7.99007788E-02     32.8811607         1.00004959        -3.21864762E-04
   8.00007805E-02     32.9610634         1.00002384        -3.21840256E-04
   8.01007822E-02     33.0410652        0.999998271        -3.19644605E-04
   8.02007839E-02     33.1211624        0.999972999        -3.15365003E-04
   8.03007856E-02     33.2013588        0.999948204        -3.09104100E-04
   8.04007873E-02     33.2816544        0.999924064        -3.00976855E-04
   8.05007890E-02     33.3620453        0.999900639        -2.91107805E-04
   8.06007907E-02     33.4425354        0.999878109        -2.79627973E-04
   8.07007924E-02     33.5231247        0.999856591        -2.66670977E-04
   8.08007941E-02     33.6038132        0.999836206        -2.52371217E-04
   8.09007958E-02     33.6846008        0.999817073        -2.36860462E-04
   8.10007975E-02     33.7654839        0.999799252        -2.20265836E-04
   8.11007991E-02     33.8464661        0.999782860        -2.02708412E-04
   8.12008008E-02     33.9275475        0.999767900        -1.84299206E-04
   8.13008025E-02     34.0087280        0.999754488        -1.65140314E-04
   8.14008042E-02     34.0900078        0.999742687        -1.45323298E-04
   8.15008059E-02     34.1713867        0.999732494        -1.24929255E-04
   8.16008076E-02     34.2528648        0.999724030        -1.04028848E-04
   8.17008093E-02     34.3344421        0.999717295        -8.26833129E-05
   8.18008110E-02     34.4161186        0.999712288        -6.09455783E-05
   8.19008127E-02     34.4978943        0.999709129        -3.88620720E-05
   8.20008144E-02     34.5797729        0.999707758        -1.64746853E-05
   8.21008161E-02     34.6617508        0.999708235         6.17789647E-06
   8.22008178E-02     34.7438278        0.999710619         2.90544558E-05
   8.23008195E-02     34.8260040        0.999714911         5.21117108E-05
   8.24008211E-02     34.9082832        0.999721110         7.53005152E-05
   8.25008228E-02     34.9906616        0.999729216         9.85643128E-05
   8.26008245E-02     35.0731392        0.999739289         1.21833327E-04
   8.27008262E-02     35.1557198        0.999751270         1.45025711E-04
   8.28008279E-02     35.2383995        0.999765158         1.68045473E-04
   8.29008296E-02     35.3211823        0.999780953         1.90777995E-04
   8.30008313E-02     35.4040680        0.999798596         2.13093270E-04
   8.31008330E-02     35.4870529        0.999818087         2.34842446E-04
   8.32008347E-02     35.5701408        0.999839365         2.55858322E-04
   8.33008364E-02     35.6533318        0.999862313         2.75958999E-04
   8.34008381E-02     35.7366219        0.999886870         2.94946891E-04
   8.35008398E-02     35.8200150        0.999912918         3.12611141E-04
   8.36008415E-02     35.9035110        0.999940395         3.28732742E-04
   8.37008432E-02     35.9871101        0.999969065         3.43085674E-04
   8.38008448E-02     36.0708122        0.999998808         3.55442258E-04
   8.39008465E-02     36.1546173         1.00002944         3.65577114E-04
   8.40008482E-02     36.2385216         1.00006080         3.73272283E-04
   8.41008499E-02     36.3225288         1.00009263         3.78322409E-04
   8.42008516E-02     36.4066391         1.00012457         3.80539597E-04
   8.43008533E-02     36.4908524         1.00015652         3.79758654E-04
   8.44008550E-02     36.5751686         1.00018823         3.75841977E-04
   8.45008567E-02     36.6595879         1.00021935         3.68684385E-04
   8.46008584E-02     36.7441101         1.00024962         3.58217105E-04
   8.47008601E-02     36.8287354         1.00027871         3.44411383E-04
   8.48008618E-02     36.9134636         1.00030649         3.27281829E-04
   8.49008635E-02     36.9982910         1.00033247         3.06888018E-04
   8.50008652E-02     37.0832214         1.00035655         2.83337198E-04
   8.51008669E-02     37.1682549         1.00037837         2.56781350E-04
   8.52008685E-02     37.2533913         1.00039768         2.27419208E-04
   8.53008702E-02     37.3386269         1.00041437         1.95494227E-04
   8.54008719E-02     37.4239655         1.00042808         1.61293225E-04
   8.55008736E-02     37.5094032         1.00043881         1.25138016E-04
   8.56008753E-02     37.5949440         1.00044632         8.73874233E-05
   8.57008770E-02     37.6805840         1.00045049         4.84252632E-05
   8.58008787E-02     37.7663231         1.00045121         8.66122446E-06
   8.59008804E-02     37.8521614         1.00044847        -3.14808567E-05
   8.60008821E-02     37.9380989         1.00044227        -7.15682618E-05
   8.61008838E-02     38.0241356         1.00043273        -1.11166562E-04
   8.62008855E-02     38.1102715         1.00041986        -1.49846979E-04
   8.63008872E-02     38.1965065         1.00040376        -1.87193407E-04
   8.64008889E-02     38.2828407         1.00038457        -2.22809482E-04
   8.65008906E-02     38.3692741         1.00036240        -2.56325031E-04
   8.66008922E-02     38.4558029         1.00033748        -2.87401781E-04
   8.67008939E-02     38.5424309         1.00031018        -3.15737474E-04
   8.68008956E-02     38.6291542         1.00028062        -3.41073988E-04
   8.69008973E-02     38.7159767         1.00024915        -3.63195548E-04
   8.70008990E-02     38.8028946         1.00021601        -3.81935621E-04
   8.71009007E-02     38.8899117         1.00018144        -3.97173688E-04
   8.72009024E-02     38.9770241         1.00014579        -4.08839638E-04
   8.73009041E-02     39.0642357         1.00010943        -4.16908704E-04
   8.74009058E-02     39.1515427         1.00007260        -4.21402918E-04
   8.75009075E-02     39.2389450         1.00003564        -4.22385201E-04
   8.76009092E-02     39.3264465        0.999998868        -4.19957592E-04
   8.77009109E-02     39.4140434        0.999962568        -4.14255715E-04
   8.78009126E-02     39.5017395        0.999926984        -4.05443541E-04
   8.79009143E-02     39.5895309        0.999892414        -3.93707945E-04
   8.80009159E-02     39.6774178        0.999859095        -3.79253237E-04
   8.81009176E-02     39.7654037        0.999827206        -3.62295075E-04
   8.82009193E-02     39.8534851        0.999796987        -3.43054009E-04
   8.83009210E-02     39.9416656        0.999768615        -3.21751955E-04
   8.84009227E-02     40.0299454        0.999742270        -2.98605068E-04
   8.85009244E-02     40.1183205        0.999718070        -2.73821119E-04
   8.86009261E-02     40.2067947        0.999696136        -2.47597141E-04
   8.87009278E-02     40.2953682        0.999676645        -2.20113172E-04
   8.88009295E-02     40.3840408        0.999659657        -1.91534273E-04
   8.89009312E-02     40.4728088        0.999645293        -1.62008670E-04
   8.90009329E-02     40.5616760        0.999633610        -1.31669600E-04
   8.91009346E-02     40.6506424        0.999624670        -1.00633013E-04
   8.92009363E-02     40.7397079        0.999618530        -6.90034358E-05
   8.93009380E-02     40.8288727        0.999615252        -3.68760993E-05
   8.94009396E-02     40.9181404        0.999614835        -4.34057802E-06
   8.95009413E-02     41.0075073        0.999617398         2.85162259E-05
   8.96009430E-02     41.0969734        0.999622881         6.16013131E-05
   8.97009447E-02     41.1865425        0.999631405         9.48150046E-05
   8.98009464E-02     41.2762108        0.999642909         1.28046362E-04
   8.99009481E-02     41.3659821        0.999657393         1.61164600E-04
   9.00009498E-02     41.4558525        0.999674857         1.94020889E-04
   9.01009515E-02     41.5458260        0.999695241         2.26439835E-04
   9.02009532E-02     41.6359024        0.999718487         2.58222222E-04
   9.03009549E-02     41.7260818        0.999744594         2.89140531E-04
   9.04009566E-02     41.8163605        0.999773383         3.18939507E-04
   9.05009583E-02     41.9067421        0.999804795         3.47337133E-04
   9.06009600E-02     41.9972267        0.999838650         3.74029652E-04
   9.07009616E-02     42.0878181        0.999874771         3.98692442E-04
   9.08009633E-02     42.1785126        0.999912977         4.20986617E-04
   9.09009650E-02     42.2693100        0.999952972         4.40563512E-04
   9.10009667E-02     42.3602104        0.999994516         4.57073562E-04
   9.11009684E-02     42.4512138         1.00003731         4.70174098E-04
   9.12009701E-02     42.5423241         1.00008094         4.79537470E-04
   9.13009718E-02     42.6335373         1.00012517         4.84860211E-04
   9.14009735E-02     42.7248535         1.00016952         4.85872268E-04
   9.15009752E-02     42.8162727         1.00021362         4.82346193E-04
   9.16009769E-02     42.9077988         1.00025702         4.74105123E-04
   9.17009786E-02     42.9994278         1.00029922         4.61029675E-04
   9.18009803E-02     43.0911598         1.00033987         4.43067809E-04
   9.19009820E-02     43.1829948         1.00037849         4.20236960E-04
   9.20009837E-02     43.2749329         1.00041461         3.92629649E-04
   9.21009853E-02     43.3669739         1.00044775         3.60415317E-04
   9.22009870E-02     43.4591179         1.00047755         3.23840795E-04
   9.23009887E-02     43.5513649         1.00050366         2.83229339E-04
   9.24009904E-02     43.6437149         1.00052571         2.38976820E-04
   9.25009921E-02     43.7361679         1.00054336         1.91547166E-04
   9.26009938E-02     43.8287201         1.00055647         1.41464945E-04
   9.27009955E-02     43.9213753         1.00056469         8.93094038E-05
   9.28009972E-02     44.0141296         1.00056803         3.56977289E-05
   9.29009989E-02     44.1069832         1.00056624        -1.87173355E-05
   9.30010006E-02     44.1999359         1.00055945        -7.32662302E-05
   9.31010023E-02     44.2929878         1.00054765        -1.27272986E-04
   9.32010040E-02     44.3861389         1.00053084        -1.80068222E-04
   9.33010057E-02     44.4793892         1.00050926        -2.31001788E-04
   9.34010074E-02     44.5727348         1.00048316        -2.79455067E-04
   9.35010090E-02     44.6661797         1.00045276        -3.24850553E-04
   9.36010107E-02     44.7597198         1.00041842        -3.66668159E-04
   9.37010124E-02     44.8533554         1.00038052        -4.04446211E-04
   9.38010141E-02     44.9470863         1.00033951        -4.37794690E-04
   9.39010158E-02     45.0409164         1.00029576        -4.66398342E-04
   9.40010175E-02     45.1348419         1.00024974        -4.90021252E-04
   9.41010192E-02     45.2288628         1.00020194        -5.08504570E-04
   9.42010209E-02     45.3229790         1.00015283        -5.21769631E-04
   9.43010226E-02     45.4171906         1.00010288        -5.29813813E-04
   9.44010243E-02     45.5114975         1.00005269        -5.32706035E-04
   9.45010260E-02     45.6058998         1.00000262        -5.30580524E-04
   9.46010277E-02     45.7003975        0.999953151        -5.23629191E-04
   9.47010294E-02     45.7949905        0.999904692        -5.12092374E-04
   9.48010311E-02     45.8896790        0.999857724        -4.96250403E-04
   9.49010327E-02     45.9844627        0.999812543        -4.76412592E-04
   9.50010344E-02     46.0793419        0.999769568        -4.52907843E-04
   9.51010361E-02     46.1743164        0.999729097        -4.26074956E-04
   9.52010378E-02     46.2693863        0.999691427        -3.96253308E-04
   9.53010395E-02     46.3645554        0.999656796        -3.63775616E-04
   9.54010412E-02     46.4598198        0.999625444        -3.28959024E-04
   9.55010429E-02     46.5551834        0.999597549        -2.92104523E-04
   9.56010446E-02     46.6506424        0.999573350        -2.53487728E-04
   9.57010463E-02     46.7462006        0.999552965        -2.13363164E-04
   9.58010480E-02     46.8418579        0.999536514        -1.71958149E-04
   9.59010497E-02     46.9376144        0.999524117        -1.29479318E-04
   9.60010514E-02     47.0334702        0.999515831        -8.61145236E-05
   9.61010531E-02     47.1294250        0.999511778        -4.20377619E-05
   9.62010548E-02     47.2254791        0.999512017         2.58477326E-06
   9.63010564E-02     47.3216324        0.999516606         4.75877969E-05
   9.64010581E-02     47.4178886        0.999525547         9.27995425E-05
   9.65010598E-02     47.5142441        0.999538839         1.38036048E-04
   9.66010615E-02     47.6107025        0.999556482         1.83088603E-04
   9.67010632E-02     47.7072639        0.999578476         2.27724246E-04
   9.68010649E-02     47.8039284        0.999604762         2.71675206E-04
   9.69010666E-02     47.9006958        0.999635220         3.14636534E-04
   9.70010683E-02     47.9975662        0.999669731         3.56263947E-04
   9.71010700E-02     48.0945396        0.999708176         3.96173884E-04
   9.72010717E-02     48.1916161        0.999750316         4.33944748E-04
   9.73010734E-02     48.2887955        0.999795914         4.69122140E-04
   9.74010751E-02     48.3860817        0.999844670         5.01224073E-04
   9.75010768E-02     48.4834709        0.999896288         5.29751123E-04
   9.76010785E-02     48.5809669        0.999950349         5.54194150E-04
   9.77010801E-02     48.6785698         1.00000632         5.74049482E-04
   9.78010818E-02     48.7762756         1.00006390         5.88830502E-04
   9.79010835E-02     48.8740883         1.00012243         5.98082552E-04
   9.80010852E-02     48.9720078         1.00018132         6.01398409E-04
   9.81010869E-02     49.0700340         1.00023997         5.98432205E-04
   9.82010886E-02     49.1681633         1.00029778         5.88913797E-04
   9.83010903E-02     49.2663994         1.00035405         5.72663383E-04
   9.84010920E-02     49.3647423         1.00040805         5.49599004E-04
   9.85010937E-02     49.4631882         1.00045919         5.19749243E-04
   9.86010954E-02     49.5617409         1.00050676         4.83260199E-04
   9.87010971E-02     49.6603966         1.00055015         4.40394069E-04
   9.88010988E-02     49.7591553         1.00058877         3.91537324E-04
   9.89011005E-02     49.8580170         1.00062203         3.37191654E-04
   9.90011021E-02     49.9569817         1.00064957         2.77970394E-04
   9.91011038E-02     50.0560493         1.00067079         2.14588450E-04
   9.92011055E-02     50.1552200         1.00068545         1.47850500E-04
   9.93011072E-02     50.2544899         1.00069320         7.86357050E-05
   9.94011089E-02     50.3538589         1.00069404         7.88302623E-06
   9.95011106E-02     50.4533272         1.00068772        -6.34333701E-05
   9.96011123E-02     50.5528946         1.00067437        -1.34322050E-04
   9.97011140E-02     50.6525612         1.00065410        -2.03795280E-04
   9.98011157E-02     50.7523232         1.00062704        -2.70890247E-04
   9.99011174E-02     50.8521843         1.00059366        -3.34686629E-04
  0.100001119         50.9521408         1.00055432        -3.94333649E-04
